MEME version 4

ALPHABET= ACGT

strands: + -

MOTIF 0_0
letter-probability matrix: alength= 4 w= 12
0.051729415	0.24548516	0.030532598	0.67225283
0.10613713	0.35322925	0.2949189	0.24571472
0.014080196	0.88307315	0.09925008	0.0035965717
0.0020661156	0.01446281	0.60315275	0.38031834
0.08746556	0.26094276	0.6301653	0.021426385
0.7612488	0.177839	0.04139884	0.019513315
0.2446434	0.0087236	0.5427762	0.20385675
0.20584634	0.36815122	0.1875574	0.23844506
0.018748088	0.76530457	0.08172636	0.134221
0.09067952	0.44077134	0.38169575	0.086853385
0.018824609	0.9594429	0.01254974	0.009182736
0.44375575	0.07101316	0.12427303	0.36095807

MOTIF 0_1
letter-probability matrix: alength= 4 w= 12
0.027337076	0.66861933	0.0029289725	0.30111465
0.005369783	0.27223173	0.40265235	0.31974617
0.139533	0.7913107	0.03059149	0.038564805
0.016027989	0.4495159	0.10544301	0.4290131
0.031567816	0.05386055	0.700838	0.21373363
0.009519161	0.7563258	0.1840371	0.050117973
0.80196893	0.075990565	0.057359044	0.06468148
0.04198194	0.042876903	0.86982346	0.045317713
0.3301603	0.6559271	0.012041331	0.0018712879
0.022048654	0.93670166	0.0022780898	0.038971607
0.2806932	0.38792613	0.14213653	0.18924417
0.20942153	0.6167928	0.08013994	0.09364576

MOTIF 0_2
letter-probability matrix: alength= 4 w= 12
0.12291893	0.014781391	0.8523417	0.00995799
0.26256418	0.37342462	0.3177999	0.046211295
0.76902133	0.14680254	0.067060836	0.017115295
0.12976505	0.6732535	0.10315855	0.093822934
0.6792438	0.2813132	0.015325968	0.024117006
0.012758674	0.008791038	0.9458534	0.032596856
0.033374824	0.30644158	0.33538198	0.32480162
0.20017116	0.005523572	0.5506457	0.24365956
0.075073905	0.07095068	0.7583631	0.09561226
0.09779057	0.33390385	0.5576474	0.010658161
0.20919558	0.4391629	0.08728801	0.2643535
0.064182356	0.10059126	0.8283803	0.006846118

MOTIF 0_3
letter-probability matrix: alength= 4 w= 12
0.012626262	0.65779	0.27662992	0.05295378
0.122436486	0.8230793	0.024487298	0.029996939
0.035047445	0.62496173	0.33700642	0.0029843894
0.28481787	0.20041323	0.026782982	0.4879859
0.025329048	0.02923171	0.89217937	0.053259872
0.004820937	0.0013008877	0.68908787	0.30479032
0.0028313438	0.14485767	0.82460976	0.027701255
0.15725437	0.6123355	0.06221304	0.16819713
0.5221916	0.0138506275	0.37962964	0.08432813
0.0896082	0.60751456	0.17072238	0.13215488
0.1802112	0.3882767	0.15595347	0.27555862
0.009335782	0.104912765	0.25283134	0.6329201

MOTIF 0_4
letter-probability matrix: alength= 4 w= 12
0.3012481	0.50321484	0.11034418	0.08519289
0.038388804	0.6670764	0.2618192	0.03271558
0.018910741	0.015695915	0.016452344	0.948941
0.099470496	0.0255295	0.025056733	0.8499433
0.022125568	0.72626704	0.1975227	0.054084722
0.0003782148	0.52032906	0.47787443	0.0014183056
0.124905445	0.17700455	0.65374434	0.044345688
0.0049167927	0.49687973	0.3695159	0.12868759
0.38492814	0.41159227	0.052950077	0.1505295
0.1580938	0.11034418	0.5975794	0.1339826
0.028744327	0.30805597	0.5755484	0.08765128
0.11942133	0.025624054	0.35277987	0.50217474

MOTIF 0_5
letter-probability matrix: alength= 4 w= 12
0.26697284	0.0576349	0.64577115	0.029621124
0.041944124	0.8385764	0.08495982	0.03451971
0.0206659	0.6731726	0.2505932	0.05556831
0.012399541	0.16172981	0.27799463	0.547876
0.42518178	0.090241104	0.038193647	0.44638348
0.21415997	0.5399158	0.2223498	0.023574436
0.32881746	0.04332185	0.43413702	0.1937237
0.0373517	0.102564104	0.704248	0.15583621
0.0033677765	0.038959052	0.8916954	0.065977804
0.135553	0.19357061	0.51932645	0.15154994
0.01438959	0.50133944	0.4776885	0.0065824725
0.22334482	0.047225412	0.07301952	0.6564103

MOTIF 0_6
letter-probability matrix: alength= 4 w= 12
0.043589067	0.326918	0.15528606	0.47420686
0.1896476	0.1382371	0.044116355	0.62799895
0.008876	0.26355568	0.72422886	0.003339485
0.1807716	0.45496088	0.021091484	0.34317604
0.23200633	0.013270059	0.74602336	0.008700238
0.83583796	0.056683365	0.010282098	0.097196594
0.2596889	0.24580367	0.24114597	0.25336146
0.064680554	0.2050268	0.22603041	0.5042622
0.30714473	0.021267246	0.447491	0.22409701
0.8825907	0.02302487	0.07531417	0.019070217
0.198963	0.004833465	0.47148255	0.32472098
0.4572458	0.10062396	0.03849196	0.40363827

MOTIF 0_7
letter-probability matrix: alength= 4 w= 12
0.29190266	0.4253023	0.12750651	0.15528853
0.27950406	0.45216593	0.24682382	0.0215062
0.04859942	0.0038267258	0.89392316	0.053650696
0.1376856	0.78264195	0.061380684	0.018291749
0.022883821	0.7941987	0.04538497	0.13753253
0.11778662	0.43333843	0.41772538	0.031149548
0.12888412	0.036736567	0.016531456	0.81784785
0.07232512	0.6542936	0.27223328	0.0011480177
0.39415276	0.002525639	0.59367824	0.009643349
0.18261136	0.47129956	0.24919638	0.0968927
0.0059696925	0.06574315	0.5639063	0.36438084
0.2977958	0.15605389	0.46800858	0.07814174

MOTIF 0_8
letter-probability matrix: alength= 4 w= 12
0.50554305	0.32738972	0.011628808	0.15543841
0.06000465	0.10093806	0.22226529	0.616792
0.3090162	0.06907512	0.575626	0.046282656
0.0955888	0.23870067	0.52918833	0.1365222
0.61756724	0.0099232495	0.30979145	0.06271804
0.14055353	0.21412513	0.5766339	0.0686875
0.72718817	0.033103343	0.22606404	0.013644469
0.010388402	0.13256842	0.02085433	0.83618885
0.43863866	0.007132336	0.46647027	0.08775874
0.023955345	0.18947205	0.48329327	0.3032793
0.64074737	0.019924026	0.05969455	0.2796341
0.016512908	0.45267075	0.22242035	0.308396

MOTIF 0_9
letter-probability matrix: alength= 4 w= 12
0.19605142	0.55999386	0.22306398	0.020890726
0.01721763	0.0818794	0.106825836	0.79407716
0.024716865	0.434573	0.5137741	0.026936026
0.0671105	0.04346495	0.84465873	0.04476584
0.004591368	0.5906795	0.355678	0.049051117
0.07606367	0.019513315	0.86256504	0.041857973
0.10674931	0.30425468	0.5387971	0.05019896
0.005050505	0.7552801	0.12962963	0.11003979
0.30012244	0.53458834	0.04775023	0.117539026
0.06894705	0.22168656	0.089684725	0.61968166
0.12098255	0.12389042	0.3349403	0.42018673
0.35827976	0.03956229	0.15342823	0.44872972

MOTIF 0_10
letter-probability matrix: alength= 4 w= 12
0.054284345	0.13212064	0.3052178	0.5083772
0.031785544	0.4860699	0.10971757	0.372427
0.34494972	0.015797032	0.008616563	0.6306367
0.2009574	0.026136907	0.008329344	0.7645764
0.0043082815	0.1438966	0.15471518	0.69707996
0.005169938	0.3156534	0.17041647	0.50876015
0.12216371	0.46519867	0.091144085	0.32149354
0.32943994	0.053039733	0.32513165	0.2923887
0.17280996	0.062422212	0.11795117	0.6468167
0.0031594064	0.80201054	0.028338918	0.16649115
0.0031594064	0.76122546	0.044997606	0.19061752
0.014360938	0.13623743	0.72848254	0.1209191

MOTIF 0_11
letter-probability matrix: alength= 4 w= 12
0.023262933	0.68977654	0.18419039	0.10277013
0.46724823	0.24165902	0.26323846	0.027854301
0.007346189	0.10384145	0.8797827	0.009029691
0.6033823	0.18908785	0.19084787	0.016681971
0.18281297	0.5855525	0.22780839	0.0038261402
0.25382614	0.69352615	0.049739823	0.0029078666
0.036960512	0.8085399	0.014539333	0.13996021
0.72490054	0.018595042	0.0087236	0.24778084
0.011784512	0.43717477	0.46296296	0.08807775
0.47872666	0.29721457	0.14179675	0.08226202
0.023951638	0.47306398	0.4550046	0.0479798
0.60552496	0.0087236	0.35407102	0.031680442

MOTIF 0_12
letter-probability matrix: alength= 4 w= 12
0.5296999	0.32493877	0.11673301	0.028628292
0.6853184	0.087262705	0.0935395	0.13387936
0.39788732	0.2571188	0.26393142	0.08106246
0.4178659	0.44358543	0.107624	0.030924678
0.6539345	0.089788735	0.2216779	0.0345989
0.6610533	0.19052358	0.14000306	0.008420086
0.6067054	0.13518065	0.24433558	0.013778322
0.756583	0.16725352	0.05771586	0.018447643
0.09981629	0.6359461	0.1362523	0.1279853
0.021892224	0.060930803	0.07976118	0.8374158
0.7346907	0.07754134	0.18746173	0.00030618493
0.4554501	0.40194428	0.10088794	0.041717697

MOTIF 0_13
letter-probability matrix: alength= 4 w= 12
0.06894705	0.5379553	0.012396694	0.38070095
0.0094123045	0.64883685	0.28994492	0.05180594
0.45990205	0.035583105	0.06359045	0.4409244
0.16299357	0.5661157	0.21694215	0.053948577
0.023109887	0.17141108	0.79614323	0.009335782
0.12358433	0.36883992	0.5052801	0.002295684
0.17707376	0.01798286	0.7502296	0.054713804
0.4351852	0.066192225	0.017676767	0.48094583
0.24938782	0.31703398	0.20645852	0.22711968
0.76117235	0.05433119	0.045990206	0.13850628
0.29277626	0.09305173	0.4533211	0.16085093
0.010254055	0.13529232	0.69436795	0.16008571

MOTIF 0_14
letter-probability matrix: alength= 4 w= 12
0.21020815	0.3428987	0.08226202	0.36463115
0.046831954	0.5446893	0.1557239	0.2527548
0.017294154	0.004285277	0.026400367	0.9520202
0.12251301	0.30655035	0.37159473	0.19934191
0.013697582	0.19069482	0.7933884	0.0022191613
0.04943373	0.40457606	0.4892868	0.056703396
0.05586165	0.15687175	0.7706612	0.016605448
0.27157944	0.0028313438	0.14860728	0.57698196
0.29545453	0.11271809	0.3191766	0.27265075
0.6883226	0.018595042	0.070554025	0.22252831
0.2613254	0.053642485	0.60491276	0.08011938
0.0043618	0.26997244	0.69077134	0.0348944

MOTIF 0_15
letter-probability matrix: alength= 4 w= 12
0.69367576	0.0029129935	0.15316214	0.15024914
0.027290149	0.034572635	0.9136834	0.024453813
0.36841702	0.17447297	0.45266387	0.004446148
0.49888846	0.12272902	0.21571483	0.16266769
0.3632043	0.012955155	0.25711	0.36673054
0.117669605	0.059486393	0.26224607	0.56059796
0.1096972	0.27750096	0.13714066	0.47566116
0.622614	0.008049061	0.05427367	0.31506324
0.022307398	0.031199694	0.9080107	0.038482178
0.016941357	0.09528555	0.84499806	0.04277501
0.6391721	0.015254887	0.18612495	0.15944806
0.043848217	0.25626677	0.53353775	0.16634727

MOTIF 0_16
letter-probability matrix: alength= 4 w= 12
0.025843503	0.43072507	0.22629018	0.31714126
0.0654064	0.48576215	0.40177077	0.047060702
0.020499323	0.0042274864	0.8415091	0.13376406
0.2582755	0.33038208	0.3653984	0.045944005
0.052085824	0.20060621	0.7181941	0.029113824
0.13073303	0.1371939	0.6243918	0.10768127
0.38613704	0.23745713	0.13982612	0.23657973
0.91728485	0.055754967	0.021376725	0.005583473
0.051527478	0.19550131	0.70032704	0.052644175
0.0021536252	0.23881312	0.7556832	0.0033500837
0.10002393	0.8081678	0.09140943	0.00039881948
0.0009571668	0.2863524	0.697296	0.0153944325

MOTIF 0_17
letter-probability matrix: alength= 4 w= 12
0.29906702	0.113327056	0.068903536	0.5187024
0.41718736	0.19994864	0.115552515	0.26731148
0.033895403	0.5662929	0.05846101	0.34135067
0.027219037	0.5975349	0.2577249	0.11752118
0.00042797226	0.51356673	0.48360866	0.0023966448
0.25207567	0.73012066	0.0074467175	0.010356929
0.02285372	0.061628006	0.80972356	0.10579474
0.33082256	0.20029102	0.17932038	0.28956604
0.65214413	0.18865018	0.02191218	0.1372935
0.10305572	0.30180603	0.58409655	0.011041684
0.008901823	0.095609	0.879055	0.016434135
0.04245485	0.4366173	0.5195583	0.0013695112

MOTIF 0_18
letter-probability matrix: alength= 4 w= 12
0.18169914	0.34676114	0.09373797	0.37780175
0.04236309	0.8798429	0.024570592	0.053223446
0.0031579759	0.7769391	0.069321424	0.15058152
0.32411614	0.017407378	0.6141878	0.044288684
0.0056227376	0.6195024	0.35353926	0.021335592
0.0063929753	0.8786105	0.08903951	0.02595702
0.15635832	0.6361396	0.16899022	0.0385119
0.043903567	0.60925823	0.019949164	0.326889
0.009473927	0.7351152	0.15281522	0.1025957
0.41985673	0.30624664	0.112531774	0.16136487
0.5635061	0.06647154	0.15165986	0.21836248
0.0074713086	0.045675114	0.8762998	0.0705538

MOTIF 0_19
letter-probability matrix: alength= 4 w= 12
0.3891316	0.3006055	0.22855829	0.08170461
0.0485169	0.12018088	0.61883956	0.21246263
0.11588871	0.79811454	0.08170461	0.0042921742
0.20709741	0.18303058	0.51322144	0.09665057
0.043764852	0.0380164	0.8261669	0.09205181
0.10569479	0.51843333	0.30489767	0.07097417
0.03441404	0.5093891	0.053575534	0.4026213
0.012646586	0.36406836	0.58710814	0.036176898
0.024603358	0.36368513	0.03648348	0.57522804
0.0042155283	0.5055568	0.4833295	0.0068981373
0.8033264	0.0082011195	0.15858051	0.029891929
0.38637236	0.077182494	0.022303978	0.5141412

MOTIF 0_20
letter-probability matrix: alength= 4 w= 12
0.03361485	0.12016055	0.7268166	0.119407974
0.24007024	0.012208379	0.5679405	0.17978092
0.21214148	0.120996736	0.24717785	0.41968393
0.019734092	0.042812943	0.7552471	0.18220587
0.27251443	0.0014215235	0.7153608	0.010703236
0.11188226	0.7011456	0.18128607	0.005686094
0.7237227	0.04741199	0.03453466	0.19433063
0.074504554	0.036039803	0.5764696	0.31298605
0.057362657	0.85391754	0.016891044	0.071828745
0.22175767	0.047161132	0.18889539	0.5421858
0.01204114	0.8376955	0.0188979	0.1313655
0.0259219	0.46425286	0.11623045	0.39359477

MOTIF 0_21
letter-probability matrix: alength= 4 w= 12
0.2217614	0.4162804	0.1130357	0.2489225
0.13304058	0.00252094	0.83280474	0.03163373
0.15955111	0.83166623	0.008294706	0.00048792388
0.03252826	0.72285926	0.0060990485	0.23851345
0.44734487	0.26835814	0.20972595	0.074571036
0.12775473	0.29795885	0.48646012	0.0878263
0.034967877	0.15174432	0.641132	0.17215581
0.0030901846	0.4332764	0.5084167	0.05521672
0.0026835813	0.8495568	0.11693909	0.030820526
0.27429456	0.62486786	0.038627308	0.062210295
0.17979994	0.013336586	0.80092704	0.0059364075
0.00056924456	0.009189233	0.97535986	0.014881679

MOTIF 0_22
letter-probability matrix: alength= 4 w= 12
0.13446085	0.67681944	0.06803398	0.1206857
0.08402847	0.19507155	0.54886353	0.17203642
0.0035203183	0.6660289	0.3252468	0.005203949
0.45748833	0.36389378	0.13507308	0.043544807
0.0030611465	0.11701232	0.17601591	0.7039106
0.01316293	0.07859493	0.8736512	0.034590956
0.3903727	0.5532257	0.017984236	0.038417388
0.0016836305	0.44179997	0.5345527	0.021963725
0.010331369	0.6714625	0.08724267	0.2309635
0.19017372	0.3156807	0.067804396	0.42634118
0.11249713	0.3783577	0.43506542	0.074079745
0.07170735	0.032218564	0.057396494	0.8386776

MOTIF 0_23
letter-probability matrix: alength= 4 w= 12
0.05630458	0.27424544	0.39367244	0.27577755
0.81070936	0.17665084	0.010418262	0.0022215412
0.010954496	0.02734794	0.49119043	0.47050712
0.053393595	0.087865785	0.7766202	0.082120426
0.044047803	0.37375516	0.57874984	0.0034472193
0.7776161	0.01478474	0.20353915	0.0040600584
0.030258924	0.62854296	0.3141566	0.027041519
0.12203156	0.47571626	0.38547572	0.016776467
0.21740463	0.29286042	0.48161483	0.008120117
0.84832233	0.06488433	0.07737092	0.009422399
0.12463613	0.09299832	0.5735407	0.20882489
0.23364486	0.16523671	0.41734335	0.18377508

MOTIF 0_24
letter-probability matrix: alength= 4 w= 12
0.09784195	0.7130021	0.18093848	0.008217495
0.030950004	0.89378697	0.04853698	0.026726058
0.64779973	0.032562785	0.23131864	0.08831887
0.033714768	0.08225175	0.6410414	0.24299209
0.041625068	0.58843404	0.19291914	0.17702173
0.17379618	0.14760771	0.61477613	0.06381998
0.15897396	0.81867754	0.021580523	0.0007679902
0.15858997	0.6896552	0.13401428	0.017740574
0.019583749	0.52100456	0.0010751862	0.45833653
0.0116734505	0.6532524	0.20774134	0.12733278
0.036479533	0.94270796	0.0075263036	0.01328623
0.0699639	0.26073265	0.22970586	0.43959758

MOTIF 0_25
letter-probability matrix: alength= 4 w= 12
0.5393638	0.05215923	0.07108583	0.33739114
0.051359516	0.45157278	0.45592678	0.04114093
0.86547005	0.002399147	0.018571174	0.113559626
0.12297849	0.005775724	0.6614537	0.20979208
0.03358806	0.046827793	0.91754043	0.0020437178
0.0426515	0.022747468	0.72756356	0.2070375
0.039630353	0.92313844	0.02923405	0.007997156
0.25315443	0.004887151	0.56424385	0.17771459
0.022925181	0.045050647	0.7583082	0.17371601
0.38066465	0.2155678	0.15221255	0.251555
0.06104496	0.341212	0.50622	0.091523014
0.026390616	0.37968722	0.3749778	0.21894437

MOTIF 0_26
letter-probability matrix: alength= 4 w= 12
0.48526147	0.027180154	0.05895414	0.42860425
0.14922288	0.30985376	0.31728044	0.2236429
0.349131	0.4574688	0.018375317	0.17502488
0.013551796	0.099762656	0.54452187	0.34216368
0.012097083	0.94556314	0.01745655	0.02488324
0.04532578	0.55317354	0.07847791	0.32302275
0.2033535	0.04593829	0.39047545	0.36023274
0.06974964	0.45869383	0.39062858	0.08092795
0.3493607	0.50486183	0.11078784	0.034989662
0.0059719775	0.012709593	0.9715948	0.009723605
0.044330448	0.3569405	0.25503406	0.34369496
0.0018375316	0.044789832	0.94824284	0.0051297755

MOTIF 0_27
letter-probability matrix: alength= 4 w= 12
0.15711334	0.022882069	0.6413867	0.1786179
0.048978344	0.021810668	0.8536007	0.07561032
0.84319276	0.013086401	0.13025178	0.013469044
0.03030535	0.6684013	0.20226525	0.09902809
0.31705824	0.14678197	0.4721053	0.06405449
0.11303283	0.18458712	0.14119537	0.56118464
0.13147624	0.2280554	0.6347287	0.0057396493
0.07002372	0.8897987	0.01721895	0.022958597
0.46108517	0.39121452	0.064590186	0.083110124
0.05081503	0.62898904	0.1604806	0.15971531
0.46146783	0.24917732	0.11280324	0.17655163
0.015688375	0.21695875	0.6667177	0.100635186

MOTIF 0_28
letter-probability matrix: alength= 4 w= 12
0.098989435	0.35285562	0.02212525	0.5260297
0.14599602	0.5989894	0.099448785	0.15556577
0.027024958	0.3162609	0.3426734	0.31404072
0.039503906	0.73373145	0.06338999	0.16337468
0.14706783	0.046853468	0.054585822	0.75149286
0.023886083	0.0057418467	0.09163987	0.8787322
0.0037513399	0.613612	0.32927576	0.053360894
0.1979023	0.55619353	0.2055581	0.04034604
0.0011483693	0.11269331	0.83861583	0.04754249
0.030929413	0.08337161	0.81319857	0.072500385
0.042030316	0.2482009	0.3126627	0.3971061
0.14209156	0.12119124	0.3648752	0.371842

MOTIF 0_29
letter-probability matrix: alength= 4 w= 12
0.04786338	0.12452137	0.3904886	0.43712667
0.4514474	0.1206923	0.22698729	0.20087303
0.2982846	0.44547403	0.02825854	0.22798285
0.18877317	0.028488282	0.7442181	0.038520448
0.11686323	0.10192985	0.76994944	0.011257467
0.022055445	0.08791546	0.8759381	0.014090979
0.013172002	0.024965538	0.07520294	0.8866595
0.03224077	0.5803339	0.36613572	0.021289632
0.4731965	0.06624292	0.4082555	0.0523051
0.0914382	0.21756777	0.676367	0.014627049
0.19750345	0.2837341	0.5090366	0.009725839
0.11563792	0.10070455	0.7188697	0.06478787

MOTIF 0_30
letter-probability matrix: alength= 4 w= 12
0.06244261	0.0583869	0.5208142	0.3583563
0.28512397	0.016681971	0.11103459	0.58715945
0.42477807	0.070554025	0.2979798	0.20668809
0.21051423	0.32131925	0.41995716	0.048209365
0.07736456	0.3184879	0.0025252525	0.6016223
0.13697582	0.61026937	0.1395776	0.113177225
0.073385365	0.32162535	0.5831038	0.021885522
0.11417203	0.6280227	0.009182736	0.2486226
0.23676156	0.03849097	0.7184726	0.00627487
0.27693602	0.61593205	0.051958986	0.055172943
0.2547444	0.42202327	0.31152433	0.011707989
0.8882767	0.082491584	0.019207224	0.010024487

MOTIF 0_31
letter-probability matrix: alength= 4 w= 12
0.027860697	0.7729812	0.1979334	0.001224646
0.069728285	0.48978186	0.20857252	0.23191734
0.036127057	0.78438574	0.07332568	0.1061615
0.027401455	0.7347876	0.17581324	0.061997704
0.0023727517	0.05480291	0.039954077	0.90287024
0.19862227	0.375354	0.09085342	0.3351703
0.19800995	0.22694221	0.16808267	0.40696517
0.02877918	0.87914276	0.05089935	0.041178722
0.03719862	0.7829315	0.1634137	0.016456181
0.5804822	0.020895522	0.3653272	0.03329506
0.1677765	0.09001148	0.7095293	0.03268274
0.20972063	0.13417527	0.52766937	0.12843475

MOTIF 0_32
letter-probability matrix: alength= 4 w= 12
0.11845102	0.014374361	0.82570106	0.041473567
0.22574817	0.2517477	0.5173985	0.0051056477
0.4890425	0.10926086	0.24499254	0.15670411
0.006676616	0.084596656	0.7092923	0.19943444
0.44144216	0.16377346	0.20972429	0.18506008
0.010132747	0.007069358	0.17045008	0.8123478
0.1646375	0.005027099	0.7890975	0.041237924
0.18663105	0.13620298	0.6733171	0.0038488728
0.95208544	0.024664205	0.020658236	0.002592098
0.07414971	0.20406881	0.61534834	0.106433116
0.33390936	0.5770167	0.043751474	0.04532244
0.3764826	0.22347027	0.06433116	0.33571598

MOTIF 0_33
letter-probability matrix: alength= 4 w= 12
0.34997702	0.025425026	0.42487365	0.1997243
0.7919283	0.066855565	0.024276305	0.116939805
0.7007964	0.00597335	0.25930464	0.033925563
0.08684331	0.2978251	0.36828	0.24705161
0.01577577	0.626053	0.26259765	0.0955736
0.0019145352	0.09848369	0.6148721	0.28472966
0.7916986	0.09970899	0.0902129	0.018379537
0.060729057	0.00022974421	0.90955734	0.029483842
0.013248583	0.35327002	0.28113034	0.35235104
0.0349977	0.44156837	0.34316128	0.18027262
0.0654771	0.3698882	0.450605	0.11402971
0.014627049	0.08760913	0.5866136	0.31115025

MOTIF 0_34
letter-probability matrix: alength= 4 w= 12
0.004939164	0.23322491	0.06372726	0.6981087
0.20636068	0.380677	0.40983015	0.0031321528
0.081195034	0.67377424	0.06938923	0.17564149
0.106854595	0.73991084	0.007589447	0.1456451
0.08866402	0.13371883	0.0062643057	0.7713528
0.03674256	0.1526322	0.76484764	0.04577762
0.45777616	0.003493555	0.1242019	0.41452837
0.019636188	0.47970125	0.3630888	0.1375738
0.91458863	0.03963378	0.031923864	0.013853753
0.07047344	0.73063487	0.19419347	0.004698229
0.2062402	0.51403445	0.23756173	0.042163596
0.5894471	0.07818335	0.14335622	0.18901338

MOTIF 0_35
letter-probability matrix: alength= 4 w= 12
0.024242423	0.8519371	0.028615266	0.09520522
0.27671653	0.2505562	0.2885309	0.1841964
0.0844649	0.0069812043	0.772382	0.13617185
0.19240506	0.27947834	0.4695052	0.05861143
0.050172612	0.07763713	0.86206365	0.010126582
0.5100115	0.40475643	0.057383966	0.027848102
0.15189873	0.63168395	0.15573455	0.060682777
0.060529344	0.8774837	0.008899118	0.05308784
0.04265439	0.88761026	0.015189873	0.054545455
0.07510549	0.78442657	0.060682777	0.07978519
0.18833908	0.079248175	0.2770234	0.45538935
0.008668968	0.13571155	0.793786	0.061833527

MOTIF 0_36
letter-probability matrix: alength= 4 w= 12
0.21688159	0.040941473	0.3898458	0.35233113
0.015059969	0.19154117	0.6027595	0.19063938
0.057444315	0.78952116	0.14410678	0.008927766
0.0017134097	0.3309586	0.45224997	0.21507801
0.13157183	0.13283435	0.030841375	0.70475245
0.065380104	0.44566688	0.43006584	0.058887184
0.09522951	0.032644965	0.8404725	0.03165299
0.32383442	0.4341239	0.22680134	0.015240328
0.20245288	0.091712505	0.6747227	0.031111913
0.8394806	0.14149156	0.0024348453	0.01659302
0.028947605	0.025791325	0.57309043	0.37217063
0.57137704	0.035711065	0.37072775	0.022184147

MOTIF 0_37
letter-probability matrix: alength= 4 w= 12
0.24336115	0.21726486	0.21703528	0.32233873
0.00084181526	0.056937322	0.022116782	0.9201041
0.07453892	0.23976429	0.020815795	0.664881
0.45588124	0.14035356	0.35715926	0.046605952
0.08395194	0.07040637	0.64682025	0.19882146
0.047906943	0.038646974	0.5761843	0.3372618
0.016912835	0.670238	0.2942527	0.018596465
0.07805923	0.37016913	0.53026706	0.021504553
0.2047907	0.09305885	0.5688375	0.13331293
0.118925534	0.5617204	0.2755032	0.04385092
0.0026019744	0.1276498	0.8084488	0.06129946
0.4963649	0.25989133	0.12060917	0.12313461

MOTIF 0_38
letter-probability matrix: alength= 4 w= 12
0.1238999	0.5359302	0.29999235	0.040177546
0.088849775	0.07132471	0.48052347	0.35930204
0.81671387	0.13606796	0.02280554	0.024412643
0.3882299	0.44409582	0.034744013	0.13293028
0.18190862	0.11372159	0.5801638	0.124206014
0.5986072	0.17823525	0.18581158	0.037345987
0.28659984	0.3222622	0.111578785	0.2795592
0.09711487	0.05471799	0.8301064	0.018060764
0.23609091	0.059998468	0.64483047	0.059080124
0.17685774	0.41241294	0.13560879	0.27512053
0.05364659	0.014310859	0.91344607	0.018596465
0.7948267	0.037499044	0.12451213	0.043162163

MOTIF 0_39
letter-probability matrix: alength= 4 w= 12
0.019319227	0.54668814	0.39903405	0.0349586
0.45193192	0.15800367	0.095752835	0.29431155
0.000383318	0.21281816	0.7809721	0.0058264337
0.80381787	0.01809261	0.17111315	0.0069763875
0.1826127	0.010119596	0.80573446	0.001533272
0.4014106	0.3605489	0.20591843	0.03212205
0.018015945	0.85832566	0.017862618	0.10579577
0.4191199	0.5420117	0.01533272	0.023535725
0.026372278	0.8264336	0.07068384	0.07651027
0.5597976	0.35771236	0.072523765	0.009966268
0.27851886	0.06416743	0.64857405	0.00873965
0.1406777	0.2815854	0.4726311	0.105105795

MOTIF 0_40
letter-probability matrix: alength= 4 w= 12
8.369602e-05	0.63123536	0.34583193	0.022849012
0.00025108806	0.97162706	0.008955474	0.019166388
0.0059424173	0.06051222	0.90450287	0.029042518
0.0029293606	0.43856713	0.5395882	0.0189153
0.0035989287	0.45279545	0.52862406	0.0149815865
0.027368598	0.61232007	0.16345832	0.19685303
0.0022597925	0.5499665	0.1994476	0.24832608
0.004770673	0.95714766	0.03490124	0.0031804487
0.0071978574	0.31980246	0.21601942	0.45698026
0.01155005	0.642618	0.33520254	0.010629394
0.20865417	0.359307	0.42124206	0.010796786
0.0021760964	0.65241045	0.15483762	0.19057582

MOTIF 0_41
letter-probability matrix: alength= 4 w= 12
0.45519248	0.3511135	0.14486875	0.048825286
0.6464376	0.14012398	0.14387389	0.06956455
0.87242675	0.06336573	0.03772863	0.026478916
0.042396877	0.03834086	0.14379735	0.7754649
0.07469197	0.11907859	0.74623096	0.059998468
0.017984236	0.5641693	0.4128721	0.004974363
0.017448535	0.9256141	0.024106529	0.032830793
0.13928217	0.28858957	0.30167598	0.2704523
0.1404301	0.26119232	0.35348588	0.24489172
0.24573353	0.51419604	0.0638249	0.17624551
0.16675594	0.55467975	0.24481519	0.03374914
0.6186577	0.12849163	0.22836152	0.024489172

MOTIF 0_42
letter-probability matrix: alength= 4 w= 12
0.18656598	0.7717806	0.021383148	0.02027027
0.12893482	0.008585055	0.08847377	0.77400637
0.08688394	0.122655004	0.5145469	0.27591416
0.1281399	0.19427663	0.23775835	0.43982512
0.21558028	0.06144674	0.6674881	0.0554849
0.02027027	0.29769474	0.24666137	0.4353736
0.12480127	0.18942766	0.52686805	0.15890302
0.0012718601	0.22853737	0.041255962	0.7289348
0.0042925277	0.089666136	0.047058824	0.8589825
0.0031001589	0.030922098	0.075675674	0.89030206
0.2555644	0.12559618	0.5934817	0.02535771
0.20667727	0.13354531	0.48298886	0.17678855

MOTIF 0_43
letter-probability matrix: alength= 4 w= 12
0.4948343	0.30527282	0.045458023	0.15443483
0.05992194	0.0910691	0.7974286	0.051580317
0.003367261	0.05372312	0.50906867	0.43384096
0.24649881	0.16752124	0.52934873	0.056631207
0.1353792	0.68745697	0.15872043	0.018443407
0.87349814	0.076834776	0.021734139	0.02793296
0.00971914	0.74967474	0.20517334	0.03543277
0.25912604	0.28154895	0.116859265	0.34246576
0.0009183439	0.10492079	0.030381879	0.863779
0.011173184	0.13446085	0.56141424	0.2929517
0.32325706	0.048825286	0.50241065	0.125507
0.073467515	0.33764446	0.45618734	0.1327007

MOTIF 0_44
letter-probability matrix: alength= 4 w= 12
0.112105906	0.50642794	0.23714417	0.14432201
0.046143252	0.2744873	0.6536578	0.025711661
0.020278543	0.14348026	0.14240894	0.6938323
0.30984083	0.13743496	0.5476737	0.005050505
0.13406795	0.08761861	0.6934497	0.08486379
0.11608509	0.5975666	0.27907866	0.0072696665
0.08899602	0.21786042	0.6097337	0.08340985
0.16467707	0.042776246	0.04591368	0.746633
0.39210284	0.2979798	0.17194673	0.13797061
0.66620755	0.0013008877	0.29805633	0.03443526
0.62618613	0.15847872	0.18564433	0.029690849
0.0035965717	0.08853688	0.8194062	0.08846036

MOTIF 0_45
letter-probability matrix: alength= 4 w= 12
0.052294225	0.57164073	0.025560854	0.3505042
0.0014851872	0.39240208	0.43977174	0.16634096
0.07191433	0.40240756	0.19440319	0.33127493
0.031345267	0.75259906	0.05487376	0.1611819
0.064410225	0.019229267	0.6759165	0.24044399
0.17407958	0.01180333	0.64887047	0.16524662
0.00093801296	0.40553427	0.54310954	0.050418198
0.55413115	0.14507934	0.18768077	0.11310873
0.009849137	0.22824982	0.29625577	0.46564528
0.009614633	0.13515204	0.7884781	0.06675526
0.14789338	0.009067459	0.8227937	0.020245446
0.86609864	0.026811538	0.091221765	0.015868053

MOTIF 0_46
letter-probability matrix: alength= 4 w= 12
0.06122293	0.1359149	0.42389226	0.37896994
0.60205096	0.052728247	0.08425806	0.26096272
0.020662738	0.48258972	0.4950639	0.0016836305
0.1217571	0.14081274	0.626081	0.1113492
0.19667865	0.75503176	0.010943598	0.037345987
0.008418153	0.09328844	0.5308028	0.36749062
0.02165761	0.012091529	0.92239994	0.04385092
0.8108212	0.030381879	0.025024872	0.1337721
0.6141425	0.17272519	0.018213822	0.1949185
0.036198057	0.45465678	0.49445167	0.014693502
0.3665723	0.29172724	0.1385934	0.20310706
0.09757404	0.31897146	0.32057855	0.26287594

MOTIF 0_47
letter-probability matrix: alength= 4 w= 12
0.033264887	0.89938396	0.062833674	0.0045174537
0.010020534	0.92221767	0.04862423	0.019137576
0.0032032854	0.14135523	0.73741275	0.118028745
0.3743737	0.36607802	0.103162214	0.15638603
0.010184805	0.23071869	0.72911704	0.029979466
0.00041067763	0.7058727	0.21765913	0.07605749
0.0041067763	0.61691993	0.33289528	0.04607803
0.012238193	0.4899384	0.48197126	0.015852155
0.07080082	0.28221765	0.6459959	0.0009856262
0.0037782341	0.084846	0.47737166	0.4340041
0.18201232	0.4390965	0.27843943	0.100451745
0.019219713	0.8716222	0.08919918	0.019958932

MOTIF 0_48
letter-probability matrix: alength= 4 w= 12
0.0061227614	0.01913363	0.31340885	0.66133475
0.04186438	0.3645339	0.031226084	0.5623756
0.040869433	0.41803154	0.379152	0.16194704
0.015153835	0.011327108	0.7432267	0.23029236
0.022577683	0.1376856	0.8209092	0.01882749
0.01117404	0.18391244	0.6569723	0.14794122
0.18123373	0.056788612	0.70717895	0.054798715
0.44902802	0.2370274	0.08931578	0.2246288
0.11793969	0.19095363	0.08273381	0.60837287
0.16875862	0.008724935	0.3897903	0.43272614
0.08242767	0.68766266	0.029006582	0.2009031
0.0003826726	0.21291903	0.6689117	0.11778662

MOTIF 0_49
letter-probability matrix: alength= 4 w= 12
0.035585828	0.8705135	0.0056631207	0.08823755
0.119155124	0.12642534	0.5839902	0.17042932
0.21420372	0.32187954	0.44118774	0.022729011
0.03887656	0.08073774	0.75151145	0.12887426
0.4835846	0.20364277	0.17081197	0.14196067
0.05249866	0.8702839	0.02908089	0.04813653
0.012474172	0.86561567	0.09374761	0.028162546
0.0034437897	0.41585675	0.2194842	0.36121526
0.011938471	0.7538073	0.19514808	0.039106146
0.7176092	0.1327007	0.0485957	0.10109436
0.31009412	0.5650111	0.04691207	0.0779827
0.08969159	0.3126961	0.50983393	0.087778375

MOTIF 0_50
letter-probability matrix: alength= 4 w= 12
0.76942325	0.08804459	0.07109544	0.071436696
0.014446593	0.8619042	0.044477306	0.07917188
0.09816858	0.42429757	0.012285292	0.46524855
0.012399045	0.6354226	0.13388693	0.21829143
0.5332727	0.35001707	0.09976112	0.016949153
0.09145717	0.77624846	0.12876806	0.0035263337
0.023319304	0.88328975	0.0	0.09339097
0.031737003	0.0399272	0.048686158	0.87964964
0.0111477645	0.034012057	0.5423729	0.4124673
0.010579001	0.6279149	0.24809465	0.11341144
0.020361733	0.24013196	0.46331474	0.27619156
0.24343078	0.4161074	0.21851894	0.12194289

MOTIF 0_51
letter-probability matrix: alength= 4 w= 12
0.013537557	0.8415719	0.12709832	0.017792217
0.00069621723	0.004641448	0.88133365	0.113328695
0.20994817	0.2107991	0.4883577	0.09089503
0.30386013	0.03512029	0.58343005	0.07758954
0.3863232	0.07163302	0.5169026	0.025141178
0.112632476	0.31786183	0.46128258	0.108223096
0.001160362	0.66558367	0.26162297	0.07163302
0.043165468	0.08617622	0.8597509	0.010907403
0.018411078	0.5475362	0.42662644	0.007426317
0.7297904	0.025218535	0.14287925	0.10211186
0.5387174	0.33635026	0.110775895	0.014156417
0.15734509	0.27562466	0.42825094	0.1387793

MOTIF 0_52
letter-probability matrix: alength= 4 w= 12
0.19482508	0.22353211	0.09385287	0.48778993
0.09438873	0.309347	0.5651841	0.03108015
0.2680089	0.070427924	0.59595805	0.06560514
0.05557682	0.020439409	0.03437189	0.8896119
0.10104876	0.44844216	0.013626273	0.4368828
0.2154176	0.06981551	0.15157315	0.56319374
0.03169257	0.5469647	0.22047003	0.20087269
0.06728929	0.6795529	0.24244048	0.010717293
0.16075939	0.02197045	0.68705505	0.13021511
0.001607594	0.7133124	0.27137718	0.013702825
0.028324274	0.62856925	0.3323892	0.010717293
0.51251626	0.03552017	0.23891908	0.21304448

MOTIF 0_53
letter-probability matrix: alength= 4 w= 12
0.33110133	0.63700444	0.02185022	0.010044053
0.23039648	0.12572688	0.20502202	0.43885463
0.11330397	0.74546254	0.063612334	0.07762115
0.05339207	0.17665198	0.06599119	0.70396477
0.033920705	0.5878414	0.08969163	0.28854626
0.0036123348	0.44264317	0.06378855	0.48995596
0.038678415	0.50845814	0.038061675	0.41480178
0.01647577	0.078678414	0.0108370045	0.8940088
0.046079297	0.5103965	0.010572687	0.43295154
0.26519823	0.68854624	0.037973568	0.008281939
0.01154185	0.22687225	0.024229076	0.73735684
0.023171807	0.89938325	0.04493392	0.032511014

MOTIF 0_54
letter-probability matrix: alength= 4 w= 12
0.21027644	0.23539321	0.36763918	0.18669116
0.18684432	0.7779309	0.013936749	0.021288
0.023891568	0.3597519	0.15177272	0.4645838
0.021288	0.81093496	0.13262884	0.035148174
0.054062333	0.7911785	0.033386935	0.12137223
0.17643005	0.15950686	0.26763153	0.39643157
0.0010720576	0.0011486331	0.97633815	0.021441152
0.0069683744	0.25606862	0.7113102	0.025652807
0.7391837	0.08698981	0.0078107053	0.16601577
0.10735891	0.16195726	0.68757176	0.04311203
0.14442147	0.74936825	0.0047476836	0.101462595
0.0029098706	0.22214565	0.19833066	0.57661384

MOTIF 0_55
letter-probability matrix: alength= 4 w= 12
0.026859503	0.9442914	0.020278543	0.008570554
0.5390266	0.029843893	0.21786042	0.21326905
0.2187787	0.05976431	0.62695134	0.09450566
0.24494949	0.41720232	0.31496787	0.022880318
0.05647383	0.67998165	0.21372819	0.049816344
0.9439853	0.015151516	0.010407101	0.030456075
0.2620906	0.076369755	0.42913988	0.23239976
0.60116315	0.061218243	0.3308846	0.0067340066
0.13207836	0.27662992	0.38460362	0.20668809
0.71992654	0.010407101	0.20684114	0.062825225
0.021043772	0.08096112	0.783517	0.11447811
0.23905724	0.41628405	0.33945516	0.0052035507

MOTIF 0_56
letter-probability matrix: alength= 4 w= 12
0.1113492	0.59669393	0.24404989	0.047906943
0.7444708	0.12726717	0.015535318	0.11272672
0.017601592	0.0939772	0.76222545	0.12619576
0.011555827	0.21244356	0.71485424	0.0611464
0.075151145	0.4141731	0.4737124	0.036963344
0.62332594	0.15489401	0.025866687	0.19591337
0.015611847	0.16331217	0.80523455	0.015841432
0.2560649	0.009413025	0.7186041	0.01591796
0.20915283	0.15497054	0.6152904	0.02058621
0.90426266	0.008418153	0.06512589	0.02219331
0.06925844	0.052881304	0.7491391	0.1287212
0.5331752	0.26394734	0.19889799	0.00397949

MOTIF 0_57
letter-probability matrix: alength= 4 w= 12
0.17799205	0.07698194	0.45798898	0.28703704
0.0056626876	0.91421795	0.053259872	0.026859503
0.44528618	0.2544383	0.28344047	0.016835017
0.042699724	0.53933275	0.1104224	0.30754516
0.31626874	0.022497704	0.017523723	0.64370984
0.058157332	0.22252831	0.047291093	0.67202324
0.11233547	0.0932813	0.69987756	0.09450566
0.062059995	0.82805324	0.04048056	0.06940618
0.036118764	0.029384756	0.6527395	0.28175697
0.1932966	0.501607	0.18977655	0.11531986
0.2795378	0.3714417	0.11065198	0.23836854
0.52747166	0.059993878	0.10146924	0.3110652

MOTIF 0_58
letter-probability matrix: alength= 4 w= 12
0.3966942	0.09618916	0.2953015	0.21181512
0.119146004	0.043771043	0.5509642	0.28611878
0.03604224	0.73546064	0.121059075	0.10743801
0.01989593	0.4822467	0.4788032	0.019054178
0.03328742	0.06091215	0.16880931	0.7369911
0.026859503	0.034205694	0.035277013	0.9036578
0.041551884	0.27731863	0.5886899	0.09243955
0.119299054	0.49747476	0.2483165	0.1349097
0.026629936	0.59917355	0.104224056	0.26997244
0.02127334	0.052724212	0.5032905	0.42271197
0.033670034	0.021808999	0.8863636	0.058157332
0.03435874	0.081267215	0.5595347	0.3248393

MOTIF 0_59
letter-probability matrix: alength= 4 w= 12
0.4220998	0.0896082	0.1858739	0.3024181
0.0045148456	0.46250382	0.015304561	0.5176768
0.024640342	0.46464646	0.3930211	0.117692076
0.07453321	0.13797061	0.5731558	0.21434037
0.07858892	0.27563515	0.08999082	0.5557851
0.007728803	0.044306703	0.28673095	0.66123354
0.34266913	0.006887052	0.08279768	0.56764615
0.0032139577	0.6770738	0.25329047	0.06642179
0.051499847	0.47367615	0.06412611	0.41069788
0.004820937	0.11593205	0.8634068	0.015840221
0.069865316	0.04453627	0.80073464	0.08486379
0.16521274	0.31802878	0.159397	0.3573615

MOTIF 0_60
letter-probability matrix: alength= 4 w= 12
0.80106574	0.021082709	0.1696656	0.00818596
0.45872268	0.095296934	0.384354	0.061626382
0.6471542	0.00023167812	0.2891343	0.0634798
0.4329292	0.21237162	0.35269132	0.002007877
0.062166963	0.13221098	0.62151515	0.18410689
0.01521353	0.044636652	0.92130667	0.018843153
0.6191212	0.23685227	0.023553943	0.120472625
0.035832882	0.059541278	0.8105645	0.094061315
0.46436018	0.07822998	0.38126495	0.076144874
0.5942544	0.045408912	0.3543903	0.005946405
0.58382887	0.010039385	0.14495328	0.26117846
0.15337092	0.017221408	0.79164416	0.037763532

MOTIF 0_61
letter-probability matrix: alength= 4 w= 12
0.15105602	0.32491583	0.44566882	0.07835935
0.083868995	0.16559535	0.6665136	0.08402204
0.07269666	0.16261096	0.65947354	0.10521886
0.62297213	0.0792011	0.021196816	0.27662992
0.08608815	0.20255587	0.6137894	0.097566575
0.51132536	0.35583103	0.09672482	0.036118764
0.015534129	0.34588307	0.6332262	0.0053565963
0.08164983	0.8791705	0.009106213	0.030073462
0.7229875	0.051499847	0.12205387	0.10345883
0.07996633	0.085629016	0.3764922	0.45791245
0.009641874	0.9033517	0.049280684	0.037725743
0.53749615	0.39034283	0.013161922	0.05899908

MOTIF 0_62
letter-probability matrix: alength= 4 w= 12
0.08844462	0.110515796	0.7562575	0.044782087
0.013114754	0.97688925	0.008396641	0.0015993603
0.54362255	0.061335467	0.2994802	0.09556177
0.17680928	0.5217113	0.0792483	0.2222311
0.23342663	0.37441024	0.102119155	0.29004398
0.22590964	0.026229508	0.39232308	0.35553777
0.008876449	0.1507397	0.5165134	0.32387045
0.044462215	0.85357857	0.0041583367	0.09780088
0.31419432	0.021991203	0.013194722	0.65061975
0.03534586	0.13890444	0.7609756	0.06477409
0.06597361	0.8111955	0.0654938	0.057337064
0.023110755	0.16665334	0.23846461	0.57177126

MOTIF 0_63
letter-probability matrix: alength= 4 w= 12
0.25251982	0.0537047	0.43025315	0.26352236
0.11333384	0.23266907	0.42217433	0.23182273
0.24859583	0.38278064	0.10133108	0.26729244
0.01023313	0.6392244	0.1745018	0.17604062
0.036316074	0.7895668	0.15688236	0.017234746
0.86896974	0.05155036	0.0034623374	0.07601754
0.026236825	0.80087715	0.03500808	0.13787797
0.007078557	0.7859506	0.033084556	0.17388628
0.044779565	0.3427714	0.022697546	0.5897515
0.009848426	0.017696392	0.9525275	0.019927675
0.1921982	0.44402555	0.33184582	0.031930447
0.03800877	0.3807802	0.42802185	0.1531892

MOTIF 0_64
letter-probability matrix: alength= 4 w= 12
0.5793381	0.018249305	0.040004123	0.3624085
0.018558614	0.016702753	0.4859264	0.47881225
0.115166515	0.56696564	0.31333128	0.00453655
0.36467677	0.06433653	0.5530467	0.017939994
0.037529644	0.11423858	0.8043097	0.043922056
0.28528714	0.10825858	0.097638935	0.50881535
0.05351067	0.2204351	0.6971853	0.028868956
0.1509434	0.052376535	0.72058976	0.07609032
0.035570677	0.076605834	0.8430766	0.04474688
0.026703784	0.9078255	0.0604186	0.0050520673
0.018867925	0.7818332	0.06103722	0.13826168
0.1451696	0.3351892	0.2600268	0.2596144

MOTIF 0_65
letter-probability matrix: alength= 4 w= 12
0.15541281	0.12995456	0.4865267	0.2281059
0.022246592	0.12337459	0.8531255	0.0012533291
0.10872631	0.5831897	0.30158234	0.006501645
0.0028983236	0.3114523	0.6503995	0.03524988
0.24173586	0.0014883283	0.18173273	0.5750431
0.0073633087	0.7451042	0.24306752	0.0044649853
0.024283253	0.04613818	0.9151653	0.014413285
0.197086	0.6373179	0.122199595	0.04339652
0.058514804	0.46913677	0.06525145	0.40709698
0.02757324	0.19700767	0.6897227	0.085696384
0.03540655	0.15509948	0.5777847	0.23170923
0.52005327	0.26304245	0.20664264	0.0102616325

MOTIF 0_66
letter-probability matrix: alength= 4 w= 12
0.3519945	0.5059921	0.096045196	0.045968156
0.14492382	0.6962849	0.11119671	0.04759459
0.27195686	0.021486048	0.6701763	0.036380757
0.046396166	0.1489471	0.3695429	0.43511385
0.010529019	0.3020031	0.031929463	0.65553844
0.0719911	0.39222735	0.080380075	0.45540148
0.018575586	0.35678822	0.6112823	0.013353878
0.64577985	0.00624893	0.09912686	0.24884437
0.2835131	0.0034240712	0.44504365	0.26801917
0.2696456	0.12061291	0.57883924	0.030902242
0.051532272	0.86337954	0.031843863	0.053244308
0.577384	0.33650059	0.02063003	0.065485366

MOTIF 0_67
letter-probability matrix: alength= 4 w= 12
0.09680677	0.27527	0.4250641	0.20285913
0.019112734	0.111257866	0.7224769	0.14715251
0.014917256	0.009167897	0.97039855	0.0055162767
0.003729314	0.9708647	0.004350866	0.021055086
0.11304483	0.4576179	0.20682153	0.22251573
0.0059824414	0.6367804	0.16649833	0.19073887
0.3207987	0.57307124	0.07295471	0.033175357
0.63064253	0.11871649	0.021443555	0.22919743
0.050656516	0.026027504	0.9011732	0.022142801
0.047160283	0.36430734	0.525134	0.06339834
