MEME version 4

ALPHABET= ACGT

strands: + -

MOTIF 0_0
letter-probability matrix: alength= 4 w= 12
0.26044554	0.279701	0.37956718	0.080286294
0.43006122	0.23228213	0.16201895	0.17563768
0.2346274	0.23439084	0.28801417	0.2429676
0.21696022	0.07079036	0.3040187	0.40823072
0.58451045	0.073818244	0.17644872	0.16522257
0.090579756	0.35161328	0.38961732	0.16818962
0.14193217	0.68249774	0.10068398	0.07488611
0.9159694	0.008847105	0.004176861	0.07100663
0.0039741006	0.002845402	0.18794523	0.80523527
0.575393	0.41651684	0.007468336	0.0006217981
0.0567188	0.035030212	0.08771408	0.8205369
0.01061112	0.05441409	0.6673313	0.2676435

MOTIF 0_1
letter-probability matrix: alength= 4 w= 12
0.52498317	0.20630401	0.14468074	0.124032095
0.17141034	0.47201493	0.33274183	0.023832902
0.23478706	0.06813209	0.00032964876	0.6967512
0.12966418	0.0075328248	0.8182513	0.044551678
0.18010744	0.052126586	0.7467947	0.020971272
0.08810739	0.069373526	0.7145803	0.12793878
0.08565958	0.47597772	0.21040708	0.22795561
0.1800303	0.013718999	0.0095387725	0.7967119
0.10170015	0.10754264	0.43869236	0.35206488
0.22303894	0.3309323	0.3536079	0.09242088
0.64656746	0.0018376164	0.10098474	0.2506102
0.048935305	0.17356357	0.6782067	0.09929441

MOTIF 0_2
letter-probability matrix: alength= 4 w= 12
0.027347596	0.23699921	0.33393094	0.40172225
0.25116533	0.6065133	0.00765505	0.13466628
0.0015594675	0.0022822863	0.37992385	0.6162344
0.07707412	0.35605374	0.5164626	0.050409503
0.01836643	0.00087079755	0.56384426	0.41691852
0.43478978	0.5581528	0.00470686	0.0023505841
0.10843991	0.3747389	0.2327989	0.2840223
0.4593827	0.2664356	0.026397118	0.24778458
0.14316367	0.4071121	0.22265667	0.22706757
0.23347619	0.43883073	0.021838237	0.30585483
0.060460668	0.12521271	0.3151718	0.4991548
0.49426013	0.17849642	0.31841594	0.008827496

MOTIF 0_3
letter-probability matrix: alength= 4 w= 12
0.26679373	0.03651736	0.010599114	0.6860898
0.7152792	0.06919045	0.208563	0.0069673397
0.53913814	0.07467031	0.36257857	0.02361297
0.43460876	0.0009530187	0.33054295	0.23389527
0.43939316	0.011732434	0.5016549	0.047219504
0.30381337	0.013503245	0.16477565	0.51790774
0.09333144	0.27605993	0.03680713	0.5938015
0.44427416	0.00010946837	0.054920927	0.50069547
0.003947301	0.34244925	0.34925562	0.3043478
0.761668	0.015428601	0.0	0.22290336
0.11488383	0.100240834	0.47178936	0.31308597
0.5192793	0.05702658	0.046916857	0.37677726

MOTIF 0_4
letter-probability matrix: alength= 4 w= 12
0.17475249	0.20595084	0.11700688	0.5022898
0.36626855	0.06503129	0.047233388	0.5214668
0.0014311176	0.043961335	0.75462836	0.19997919
0.3598936	0.14617567	0.47457165	0.01935912
0.2229161	0.59995055	0.10248104	0.07465231
0.65015024	0.1215149	0.19478813	0.0335467
0.42013714	0.06086804	0.44600782	0.072987005
0.032889687	0.6053823	0.3413606	0.020367406
0.40579993	0.5811964	0.009016042	0.0039876145
0.2540299	0.0044299597	0.44987184	0.2916683
0.004631617	0.1804119	0.6548469	0.16010955
0.2792436	0.13044637	0.56255937	0.027750673

MOTIF 0_5
letter-probability matrix: alength= 4 w= 12
0.11227329	0.15913935	0.37000948	0.35857788
0.3893154	0.042159222	0.3374366	0.23108879
0.1614681	0.64563555	0.029341241	0.16355509
0.19848631	0.12555012	0.26182136	0.41414222
0.18722741	0.04991514	0.337259	0.42559847
0.34252828	0.13402636	0.06292554	0.46051982
0.32171756	0.00820489	0.5910136	0.07906396
0.17581555	0.46050996	0.053946044	0.30972844
0.46394387	0.017455744	0.35524264	0.16335773
0.30719742	0.008042076	0.045701683	0.6390588
0.11781394	0.05839139	0.00946794	0.81432676
0.021738272	0.07439166	0.06534803	0.838522

MOTIF 0_6
letter-probability matrix: alength= 4 w= 12
0.25120047	0.22605725	0.1971501	0.3255922
0.29470983	0.2661655	0.22477742	0.21434726
0.29678077	0.23560059	0.18084984	0.28676882
0.11868207	0.5385135	0.06469216	0.2781123
0.6770431	0.13724977	0.0762661	0.10944106
0.008172808	0.9613883	0.02066884	0.009770083
0.024775399	0.9543643	0.003653074	0.017207237
0.008888307	0.060575522	0.0353416	0.8951946
0.105898835	0.12869905	0.48815647	0.27724564
0.24263465	0.22765453	0.27501348	0.25469735
0.2599074	0.21901816	0.2626182	0.25845623
0.27416697	0.24275054	0.24183853	0.24124396

MOTIF 0_7
letter-probability matrix: alength= 4 w= 12
0.3831807	0.20778935	0.22737275	0.1816572
0.21890652	0.34274608	0.18593223	0.25241518
0.2652717	0.23488547	0.12685722	0.3729856
0.42644438	0.07797732	0.38882834	0.10674993
0.23999874	0.12550557	0.090750016	0.5437457
0.7421677	0.055763952	0.11849578	0.08357258
0.85666084	0.115027554	0.027609548	0.0007020265
0.007428907	0.007586077	0.017383013	0.967602
0.019352878	0.16404366	0.18334416	0.6332593
0.86180556	0.05408747	0.027242817	0.056864142
0.0	0.24801442	0.044342924	0.7076427
0.5780926	0.29502922	0.09039377	0.03648442

MOTIF 0_8
letter-probability matrix: alength= 4 w= 12
0.07502092	0.037952892	0.0003378596	0.88668835
0.043857392	0.053296007	0.7177156	0.18513095
0.2973218	0.19961065	0.32215178	0.18091576
0.42554218	0.005389665	0.2763155	0.29275265
0.50728273	0.0631422	0.2387112	0.19086385
0.18794109	0.2981852	0.4871077	0.026765987
0.45948365	0.3005234	0.0035180298	0.23647489
0.35428062	0.07386254	0.0005845507	0.57127225
0.23163223	0.24131218	0.42024904	0.10680653
0.07237703	0.46509856	0.46111396	0.0014104297
0.7974505	0.0057757897	0.008902332	0.18787138
0.14577836	0.3639713	0.45327348	0.036976855

MOTIF 0_9
letter-probability matrix: alength= 4 w= 12
0.44373867	0.14442374	0.23113993	0.18069765
0.25205386	0.2242316	0.11214468	0.41156986
0.005002756	0.749752	0.02348618	0.2217591
0.10936245	0.34548938	0.043213733	0.5019344
0.0060789	0.81371164	0.021018924	0.15919054
0.064878345	0.6013229	0.0014803538	0.33231843
0.3924355	0.043995906	0.08328303	0.48028558
0.20975354	0.42111868	0.27765033	0.09147747
0.34828734	0.25385442	0.071954645	0.32590356
0.5757579	0.085923515	0.0032966745	0.3350219
0.032473292	0.58904433	0.37594163	0.002540749
0.10484265	0.13323185	0.07514108	0.68678445

MOTIF 0_10
letter-probability matrix: alength= 4 w= 12
0.33717385	0.22844057	0.12181469	0.31257087
0.21699089	0.19314568	0.49902928	0.09083417
0.27336538	0.005918436	0.2573524	0.46336377
0.25822634	0.0027545618	0.6361821	0.102836974
0.03436012	0.11502785	0.7865436	0.06406845
0.06945589	0.84831655	0.078095704	0.004131843
0.40247026	0.0034349055	0.0011062498	0.5929886
0.022915963	0.08849445	0.8780581	0.010531498
0.05115299	0.2914636	0.61822766	0.03915571
0.21926424	0.34704715	0.14792219	0.28576642
0.13437615	0.50696105	0.09461754	0.2640452
0.38826048	0.1661919	0.07662992	0.3689177

MOTIF 0_11
letter-probability matrix: alength= 4 w= 12
0.31029677	0.51289654	0.09758553	0.079221174
0.44433996	0.15763476	0.3238543	0.07417098
0.21508975	0.052310757	0.2603977	0.4722018
0.02228061	0.2612772	0.01938214	0.69706005
0.65420806	0.10453854	0.22166109	0.019592334
0.34864065	0.11488785	0.26556405	0.27090743
0.023574965	0.57775813	0.024614874	0.37405205
0.48099676	0.20162624	0.18820699	0.12917002
0.21758996	0.601936	0.118035235	0.06243881
0.056365296	0.35594213	0.030256934	0.55743563
0.07727411	0.14410488	0.68947643	0.089144565
0.035224162	0.37504217	0.06397101	0.5257626

MOTIF 0_12
letter-probability matrix: alength= 4 w= 12
0.49603695	0.06992477	0.07794631	0.35609198
0.6861948	0.006998309	0.21660295	0.090203956
0.5679499	0.21677792	0.016239258	0.19903296
0.16223352	0.24437882	0.42965904	0.16372861
0.087680325	0.7452298	0.073524654	0.09356527
0.41515347	0.010852681	0.010725439	0.5632684
0.5059247	0.25593132	0.16356955	0.0745744
0.2631311	0.06135184	0.46552008	0.20999698
0.69148064	0.043352403	0.20933956	0.055827416
0.37755346	0.010317204	0.030230572	0.58189875
0.2073355	0.06302189	0.67524666	0.054395944
0.49028453	0.14554362	0.0930457	0.27112615

MOTIF 0_13
letter-probability matrix: alength= 4 w= 12
0.024579743	0.009536035	0.54653096	0.41935325
0.33491656	0.483856	0.013325998	0.16790146
0.09754875	0.6757687	0.11376001	0.11292255
0.40520814	0.37741303	0.2097072	0.007671618
0.088899076	0.20773886	0.26427653	0.4390855
0.03134666	0.7259429	0.058065895	0.18464454
0.090243906	0.012916437	0.15623815	0.7406015
0.17030992	0.13380402	0.44205025	0.2538358
0.08599547	0.08290849	0.4670212	0.36407483
0.2790574	0.008423498	0.48342198	0.22909713
0.02831469	0.23862706	0.36862278	0.36443546
0.33929336	0.006228987	0.64563847	0.008839171

MOTIF 0_14
letter-probability matrix: alength= 4 w= 12
0.34475484	0.20023955	0.19154939	0.26345623
0.24052803	0.27314872	0.14974241	0.33658087
0.15300497	0.21183145	0.16123907	0.47392452
0.3155621	0.15420274	0.22297229	0.30726284
0.28627416	0.18241821	0.1377997	0.39350793
0.11096744	0.09540133	0.15909912	0.6345321
0.0024657205	0.098548636	0.228881	0.6701046
0.81499076	0.09628839	0.06847887	0.02024196
0.026631786	0.0040894877	0.033988856	0.93528986
0.011657044	0.21765997	0.10086401	0.669819
0.77148986	0.03353781	0.0013080346	0.1936643
0.30068758	0.08724742	0.4444762	0.1675888

MOTIF 0_15
letter-probability matrix: alength= 4 w= 12
0.4716564	0.104531065	0.27781433	0.1459982
0.059888393	0.04763838	0.45744866	0.43502456
0.00089408667	0.0068649417	0.76225	0.22999096
0.65517545	0.17572914	0.012640536	0.15645489
0.45139045	0.0020399564	0.4678026	0.07876698
0.39880893	0.09009208	0.48667607	0.024422955
0.37028036	0.21976034	0.2711395	0.1388198
0.43903768	0.116041146	0.38282838	0.06209278
0.5171983	0.15317143	0.2053933	0.12423694
0.70688856	0.0067107887	0.15079235	0.13560829
0.88827	0.02365219	0.038718063	0.04935975
0.67558527	0.025902823	0.219822	0.0786899

MOTIF 0_16
letter-probability matrix: alength= 4 w= 12
0.34685448	0.10127896	0.32503366	0.2268329
0.24150866	0.10974926	0.1488683	0.4998738
0.06720845	0.561024	0.33113396	0.04063359
0.017200034	0.0	0.0032675155	0.9795325
0.40505272	0.18446037	0.35141218	0.05907472
0.9410024	0.00051887584	0.0025803556	0.055898357
0.41389465	7.011836e-05	0.5691367	0.016898524
0.4252468	0.04666377	0.5269184	0.0011709766
0.57853955	0.11411062	0.06867392	0.23867588
0.5799279	0.1801551	0.125	0.11491698
0.452004	0.03543782	0.07828715	0.43427104
0.26257923	0.084387444	0.4238725	0.22916083

MOTIF 0_17
letter-probability matrix: alength= 4 w= 12
0.0033401833	0.2693614	0.14657967	0.58071876
0.0040322295	0.10002189	0.04969317	0.84625274
0.22144073	0.008883616	0.75151294	0.018162688
0.014949615	0.084111884	0.50036365	0.40057483
0.07620984	0.6574229	0.23305015	0.033317093
0.45252773	0.30538315	0.02025295	0.22183618
0.437451	0.0009392058	0.48455253	0.07705725
0.1635348	0.46057102	0.039856225	0.33603796
0.36362097	0.49873948	0.004357068	0.13328248
0.11380632	0.0005225657	0.31845433	0.56721675
0.19704962	0.48292834	0.21823472	0.101787314
0.52699333	0.20335571	0.10286775	0.16678318

MOTIF 0_18
letter-probability matrix: alength= 4 w= 12
0.3179863	0.06799231	0.5277124	0.08630899
0.20069239	0.5708381	0.0010644776	0.22740503
0.104908586	0.13831016	0.35561705	0.4011642
0.050461993	0.41850272	0.09563516	0.43540013
0.21229136	0.006698537	0.46897912	0.312031
0.19468912	0.13547635	0.348252	0.32158253
0.37069714	0.44373852	0.017616626	0.16794771
0.4088601	0.13924518	0.44449133	0.0074033937
0.48024243	0.23510091	0.06951231	0.21514435
0.42145163	0.14196871	0.075117595	0.3614621
0.95670164	0.008065096	0.034101643	0.0011316069
0.17812738	0.25392586	0.10803489	0.45991188

MOTIF 0_19
letter-probability matrix: alength= 4 w= 12
0.10918124	0.3827782	0.0048802	0.50316036
0.20977804	0.12670292	0.3199647	0.34355432
0.043710127	0.12977804	0.06333088	0.763181
0.13438189	0.035954725	0.82731736	0.002346024
0.147482	0.1605233	0.39957076	0.29242393
0.02240776	0.78685284	0.029904453	0.16083492
0.44177568	0.02949287	0.19181538	0.33691606
0.4049037	0.062266648	0.25766867	0.27516097
0.0017521682	0.70592976	0.100097016	0.19222108
0.17131853	0.11288549	0.26914597	0.44665
0.12974864	0.39048067	0.08684404	0.39292666
0.016904308	0.1304601	0.46826988	0.3843657

MOTIF 0_20
letter-probability matrix: alength= 4 w= 12
0.20138085	0.2365606	0.32813245	0.2339261
0.23780972	0.2873657	0.28182417	0.19300039
0.3264064	0.37955078	0.13656287	0.15747996
0.31446028	0.37805182	0.2947923	0.012695601
0.0	0.9851014	0.0	0.0148985945
0.9796961	0.003679226	0.01662465	0.0
6.813381e-05	0.016352115	0.86012125	0.123458475
0.1243215	0.81942266	0.05625582	0.0
0.0	0.039176945	0.0	0.96082306
0.00022711272	0.0	0.9994776	0.00029524654
0.0	0.41336787	0.21857327	0.36805886
0.1811451	0.37530378	0.16143171	0.28211942

MOTIF 0_21
letter-probability matrix: alength= 4 w= 12
0.4486053	0.064886734	0.4813008	0.005207163
0.09827835	0.76134753	0.01867453	0.12169962
0.6845939	0.06160348	0.16585088	0.08795172
0.053942095	0.63962185	0.26049656	0.04593951
0.3830389	0.056083884	0.01956797	0.54130924
0.11514956	0.05010387	0.7690157	0.06573084
0.535406	0.28654742	0.07271392	0.10533268
0.09998849	0.3391069	0.25203216	0.30887246
0.2133731	0.19879304	0.37482804	0.21300586
0.51145303	0.17260922	0.24237972	0.073558025
0.18819235	0.68914884	0.08489868	0.037760153
0.1455539	0.061811764	0.16256763	0.6300667

MOTIF 0_22
letter-probability matrix: alength= 4 w= 12
0.44745517	0.17973867	0.24178652	0.13101965
0.28777128	0.36635312	0.11564145	0.23023415
0.3374374	0.09564552	0.12413317	0.44278392
0.45200333	0.0068864776	0.3113255	0.22978468
0.031179102	0.7978575	0.0023704036	0.16859296
0.2949788	0.47737682	0.07410321	0.15354116
0.050987758	0.25006956	0.1518289	0.5471138
0.107326314	0.7000931	0.12844056	0.06414002
0.020220667	0.0026325928	3.210479e-05	0.9771146
0.01153097	0.022612473	0.58176553	0.38409102
0.039553102	0.5493879	0.21636488	0.19469415
0.4632186	0.08086661	0.012312187	0.4436026

MOTIF 0_23
letter-probability matrix: alength= 4 w= 12
0.1912953	0.025483249	0.39995754	0.38326392
0.07623221	0.0477293	0.57222325	0.30381525
0.21695983	0.3215862	0.3317691	0.12968488
0.001636729	0.9051267	0.06338181	0.029854767
0.008100773	0.8242536	0.013896658	0.15374894
0.7196428	0.15953964	0.0002745147	0.12054302
0.20172685	0.5805105	0.068566516	0.14919613
0.40485737	0.18165103	0.16112457	0.25236705
0.23423353	0.57635653	0.06671742	0.122692525
0.28298318	0.15744194	0.017625915	0.541949
0.39330703	0.3234301	0.17654401	0.106718875
0.3536215	0.11096609	0.08242692	0.45298547

MOTIF 0_24
letter-probability matrix: alength= 4 w= 12
0.39822146	0.103738114	0.21747304	0.28056738
0.3119753	0.32297677	0.22272013	0.14232782
0.21437453	0.5049835	0.17574504	0.10489695
0.2576145	0.62998843	0.043175306	0.06922174
0.79373235	0.12921757	0.015512474	0.06153762
0.000184021	0.031218916	0.634972	0.3336251
0.3457854	0.09493992	0.4671995	0.09207516
0.016472368	0.015875543	0.024977122	0.942675
0.32425496	0.009156289	0.64249194	0.024096806
0.22010405	0.1829517	0.030443043	0.5665012
0.24188319	0.09056818	0.28924122	0.3783074
0.17506863	0.22077051	0.27285838	0.33130246

MOTIF 0_25
letter-probability matrix: alength= 4 w= 12
0.13350755	0.06277034	0.1274648	0.6762573
0.19306569	0.16351454	0.5254272	0.117992535
0.043878805	0.1169112	0.28187284	0.55733716
0.28377575	0.37566787	0.33256826	0.007988084
0.23320223	0.5225914	0.0016113985	0.24259499
0.53865236	0.06963998	0.09964167	0.29206598
0.0034242219	0.45723963	0.07107646	0.4682597
0.64675915	0.25623357	0.036993258	0.060013995
0.010527097	0.20228882	0.12742239	0.65976167
0.3539988	0.4805095	0.11092677	0.054564923
0.03879548	0.15834641	0.61058223	0.19227588
0.36335978	0.036304172	0.3994519	0.20088415

MOTIF 0_26
letter-probability matrix: alength= 4 w= 12
0.15039644	0.18503328	0.011735256	0.652835
0.025906522	0.49746832	0.20774351	0.26888165
0.1619093	0.16378672	0.083719075	0.5905849
0.4352699	0.26142365	0.24273205	0.0605744
0.30121696	1.5515983e-05	0.07742476	0.6213428
0.22063729	5.1719948e-05	0.63498646	0.14432451
0.027039189	0.30225655	0.60119784	0.06950644
0.32642528	0.25220716	0.01698483	0.40438274
0.018008886	0.6523282	0.0024153215	0.32724762
0.72956157	0.089299664	0.038024504	0.14311427
0.090504736	0.38646695	0.028295983	0.49473232
0.20020792	0.276169	0.038681347	0.48494175

MOTIF 0_27
letter-probability matrix: alength= 4 w= 12
0.21416655	0.27190483	0.28019494	0.2337337
0.038205534	0.31352732	0.07749463	0.5707725
0.06388992	0.049339257	0.08623764	0.8005332
0.13623047	0.32342842	0.34923893	0.19110219
0.505908	0.06937652	0.23791315	0.18680236
0.043629065	0.94288665	0.00023505805	0.013249247
0.8795757	0.0008485022	0.110603414	0.0089723375
0.04502795	0.56869715	0.2870804	0.0991945
0.13527878	0.1398022	0.3158091	0.40910992
0.024761358	0.1618002	0.31623906	0.49719936
0.20839903	0.5550179	0.02951985	0.20706321
0.24441451	0.14728966	0.22108069	0.38721514

MOTIF 0_28
letter-probability matrix: alength= 4 w= 12
0.38645348	0.58684564	0.009850905	0.016849963
0.30539343	0.2703623	0.1005929	0.3236514
0.06996498	0.005611534	0.060830876	0.8635926
0.16455722	0.23367228	0.079268046	0.5225025
0.004756492	0.07742484	0.27544647	0.6423722
0.025169984	0.12657696	0.53126794	0.31698513
0.082995415	0.33732182	0.013747235	0.56593555
0.004751372	0.09137175	0.2808071	0.62306976
0.009390104	0.29562443	0.010490906	0.68449455
0.08950807	0.3877949	0.03920394	0.4834931
0.12494368	0.04736524	0.3947018	0.43298927
0.21309495	0.3389295	0.08038933	0.36758623

MOTIF 0_29
letter-probability matrix: alength= 4 w= 12
0.1286465	0.2257945	0.2175897	0.4279693
0.28145775	0.33392903	0.030121667	0.35449156
0.039849393	0.059439715	0.3254545	0.5752564
0.15749249	0.30217764	0.48341343	0.056916464
0.46164265	0.39248645	0.0023153222	0.1435556
0.28898254	0.053769425	0.40745735	0.24979067
0.4419624	0.45726487	0.0038944618	0.096878245
0.00021354912	0.07389924	0.30539775	0.6204895
0.01120571	0.86315435	0.005378066	0.12026188
0.0066762203	0.621546	0.12877013	0.24300767
0.23468487	0.050375115	0.09430442	0.62063557
0.48998287	0.1815561	0.22909325	0.09936778

MOTIF 0_30
letter-probability matrix: alength= 4 w= 12
0.051286913	0.21308744	0.50949097	0.22613467
0.11066299	0.003401126	0.311226	0.5747099
0.5147995	0.053642422	0.31204757	0.11951052
0.21038148	0.33071354	0.14808686	0.3108181
0.0572791	0.1311157	0.5494427	0.26216248
0.010955992	0.31500056	0.15954843	0.514495
0.16302998	0.21956797	0.30200505	0.315397
0.09888544	0.16047914	0.09610479	0.6445306
0.11625302	0.056394346	0.65969205	0.16766058
0.1769792	0.7657474	0.011524762	0.04574859
0.0064690337	0.7785074	0.1577502	0.057273354
0.5826152	0.3187177	0.0010168907	0.09765024

MOTIF 0_31
letter-probability matrix: alength= 4 w= 12
0.051371265	0.40030807	0.17358081	0.37473986
0.34309232	0.011077185	0.5225285	0.12330196
0.067703016	0.08208478	0.21070139	0.6395108
0.13397495	0.0041075163	0.40776932	0.4541482
0.64147174	0.055003576	0.24132751	0.062197194
0.14057866	0.2565723	0.011017102	0.5918319
0.00061175774	0.23561414	0.66009754	0.10367656
0.0887595	0.3498599	0.07524621	0.4861344
0.637031	0.13982488	0.08921286	0.13393125
0.617706	0.03748655	0.30544192	0.03936552
0.5706007	0.247314	0.044133954	0.13795137
0.21404967	0.101715654	0.3385697	0.34566498

MOTIF 0_32
letter-probability matrix: alength= 4 w= 12
0.13867149	0.24255079	0.48055264	0.13822508
0.18937643	0.2232758	0.0011584212	0.5861894
0.29022124	0.3636256	0.07674399	0.2694092
0.0003390501	0.00021473173	0.0050405446	0.9944057
0.16872263	0.45421976	0.21999265	0.15706496
0.42867798	0.21810527	0.24096856	0.11224818
0.6192524	1.13016695e-05	0.00080806937	0.37992823
0.023513123	0.26875937	0.6381657	0.06956178
0.45663267	0.064216085	0.30748454	0.17166671
0.74563897	0.016969457	0.021959145	0.21543244
0.38707653	0.30534285	0.2828356	0.024745006
0.32977706	0.08898935	0.104902096	0.47633147

MOTIF 0_33
letter-probability matrix: alength= 4 w= 12
0.22719331	0.23209408	0.52076334	0.019949261
0.54441255	0.23188312	0.040666632	0.18303771
0.100195274	0.0804137	0.59852654	0.2208645
0.22903787	0.32109222	0.2971618	0.15270813
0.12904814	0.7951847	0.052328948	0.023438219
0.6113951	0.3519303	0.017736884	0.018937735
0.057289217	0.21790025	0.19897333	0.52583724
0.3138601	0.5290395	0.0701632	0.086937234
0.1857261	0.12275179	0.17334437	0.51817775
0.5177883	0.072310664	0.24092735	0.1689737
0.039925568	0.1990761	0.20403637	0.55696195
0.008827873	0.05046817	0.00015686784	0.9405471

MOTIF 0_34
letter-probability matrix: alength= 4 w= 12
0.20241533	0.15538388	0.11775972	0.52444106
0.3112292	0.11290723	0.5138678	0.061995775
0.43192622	0.32078534	0.09086263	0.15642583
0.23419964	0.15946236	0.20622587	0.40011212
0.056270033	0.6851786	0.22795789	0.030593513
0.34635764	0.47395137	0.0016720749	0.17801891
0.6015302	0.19471982	0.14916198	0.054588035
0.39393488	0.0009278279	0.00047631806	0.604661
0.29158106	0.51601124	0.01154079	0.1808669
0.21324164	0.029625991	0.007938635	0.7491937
0.027566908	0.030275967	0.8141913	0.12796582
0.13729869	0.056791004	0.27123338	0.53467697

MOTIF 0_35
letter-probability matrix: alength= 4 w= 12
0.16490303	0.14859642	0.025829136	0.6606714
0.28206947	0.086080216	0.17861208	0.45323822
0.036394063	0.21910252	0.1232913	0.6212121
0.2818948	0.0013579454	0.09904549	0.61770177
0.022138454	0.017788522	0.9289924	0.03108061
0.5329513	0.006186822	0.0061417446	0.45472014
0.56980175	0.044434678	0.29345143	0.09231211
0.6550143	0.031322896	0.29673642	0.016926423
0.19092374	0.27977055	0.44379458	0.08551112
0.15806259	0.4361371	0.17715271	0.22864757
0.41123772	0.2917385	0.060527176	0.23649661
0.18885583	0.17378883	0.002924372	0.63443094

MOTIF 0_36
letter-probability matrix: alength= 4 w= 12
0.3047426	0.28207764	0.059370592	0.35380915
0.19632013	0.3722379	0.13216972	0.29927224
0.033492986	0.5506484	0.15667117	0.25918743
0.48997512	0.2672093	0.06966483	0.17315076
0.12971614	0.3367566	0.061559707	0.47196755
0.682823	0.059684023	0.23272704	0.024765907
0.081947386	0.4937265	0.25451535	0.16981077
0.07542901	0.7425413	0.16256759	0.019462075
0.0042509013	0.12455924	0.0043390533	0.8668508
0.44182926	0.035378467	0.494084	0.028708275
0.0976336	0.13994183	0.20183454	0.56059
0.51713586	0.1788072	0.23026857	0.0737884

MOTIF 0_37
letter-probability matrix: alength= 4 w= 12
0.17532654	0.28698677	0.18453985	0.35314685
0.2531156	0.32826763	0.24407157	0.1745452
5.8600617e-05	0.0038936855	0.49564403	0.5004037
0.0012371241	0.24233308	0.5934224	0.16300738
0.042674273	0.39059263	0.00024742482	0.56648564
0.19418292	0.00029951427	0.53144246	0.2740751
0.19299136	0.43951115	0.13712545	0.23037204
0.18595278	0.031116927	0.10051308	0.6824172
0.0004818273	0.00016929067	0.81376725	0.18558164
0.32363167	0.6181063	0.026415857	0.03184618
0.2597505	0.66399705	0.0602219	0.016030524
0.3188004	0.02534151	0.33620477	0.31965333

MOTIF 0_38
letter-probability matrix: alength= 4 w= 12
0.08828572	0.6813362	0.055047754	0.17533028
0.37045607	0.48750946	0.034568537	0.10746592
0.005506353	0.14636801	0.34761024	0.5005154
0.3004197	0.38869488	0.0032659457	0.30761948
0.059912488	0.06052781	0.53200734	0.3475524
0.045628577	0.32230836	0.23865071	0.39341235
0.14436953	0.57133543	0.0015830108	0.28271204
0.100886695	0.0012096096	0.38845295	0.50945073
0.012800825	0.36508647	0.18743163	0.4346811
0.41937688	0.37061912	0.17380512	0.03619888
0.053764515	0.0060690846	0.4547501	0.48541632
0.4323197	0.18439183	0.3729016	0.010386865

MOTIF 0_39
letter-probability matrix: alength= 4 w= 12
0.1501772	0.037260275	0.058615055	0.7539475
0.4503808	0.23731557	0.08436848	0.22793515
0.034188766	0.16984794	0.17640316	0.6195601
0.009395501	0.011733065	0.634038	0.3448335
0.003217293	0.6622345	0.20433329	0.1302149
0.51492774	0.095372625	0.09118512	0.29851452
0.22799045	0.2727058	0.23099159	0.2683122
0.18634158	0.57115495	0.00696745	0.23553601
0.31636545	0.008877718	0.38748774	0.2872691
0.10804575	0.65206486	0.06299359	0.17689581
0.093728796	0.66079175	0.03254493	0.21293452
0.36381552	0.03689833	0.14612542	0.45316073

MOTIF 0_40
letter-probability matrix: alength= 4 w= 12
0.6224196	0.00434144	0.027172718	0.34606624
0.25309747	0.087118566	0.49228132	0.16750264
0.2159729	0.14547071	0.6293689	0.009187466
0.2147489	0.45311844	0.2242611	0.10787155
0.08532004	0.6254921	0.019968625	0.26921925
0.48842448	0.2785366	0.02903619	0.20400272
0.0036919725	0.73177993	0.05448532	0.21004276
0.036080413	0.14849824	0.028416699	0.78700465
0.111528546	0.24063268	0.23011631	0.41772246
0.30412063	0.102121264	0.0011190823	0.592639
0.114246316	0.2058612	0.5299754	0.14991707
0.14601026	0.048520215	0.14091945	0.66455007

MOTIF 0_41
letter-probability matrix: alength= 4 w= 12
0.5669295	0.010060271	0.36575228	0.057257928
0.00014645413	0.6878894	0.29856926	0.013394919
0.45615953	0.40393737	0.07638146	0.06352166
0.05735932	0.7655326	0.14355883	0.03354926
0.20393737	0.33723316	0.029454177	0.42937532
0.067504086	0.12438461	0.5518504	0.2562609
0.34989017	0.5040444	0.11380048	0.03226497
0.09037909	0.70306426	0.040567793	0.16598885
0.36873767	0.4812764	0.09869318	0.05129274
0.36492988	0.31144032	0.12810792	0.19552188
0.24624571	0.37620685	0.21830113	0.15924633
0.076195575	0.01525376	0.17720385	0.7313468

MOTIF 0_42
letter-probability matrix: alength= 4 w= 12
0.07218583	0.77073056	0.15409023	0.0029933995
0.4988201	0.36300957	0.0017710947	0.13639924
0.119471565	0.5938306	0.20677905	0.07991878
0.4197245	0.319725	0.007423631	0.25312686
0.065226175	0.47145045	0.023398407	0.43992496
0.17631622	0.37153578	0.028152922	0.42399508
0.2166473	0.15878987	0.2890327	0.33553016
0.023188869	0.11791999	0.79503196	0.06385919
0.094785996	0.21239167	0.10950854	0.5833138
0.22945905	0.0028337515	0.67212296	0.095584236
0.100782774	0.068434104	0.409976	0.42080712
0.27366158	0.4112981	0.054509807	0.26053053

MOTIF 0_43
letter-probability matrix: alength= 4 w= 12
0.004435903	0.35265946	0.03902971	0.6038749
0.11225327	0.38925305	0.28691566	0.21157801
0.10959381	0.34758466	0.41153646	0.13128506
0.006674631	0.509064	0.0075836275	0.47667775
0.37294826	0.07698421	0.35195303	0.19811448
0.08127987	0.067369625	0.54894555	0.30240494
0.19122168	0.15425411	0.0052565965	0.6492676
0.16473614	0.6082069	0.0022854768	0.22477145
0.34662372	0.03308747	0.1807968	0.439492
0.09200603	0.5001766	0.20838875	0.19942863
0.008700395	0.13022023	0.007952421	0.85312694
0.27991897	0.23102535	0.025285685	0.46377

MOTIF 0_44
letter-probability matrix: alength= 4 w= 12
0.39587817	0.10487266	0.2780642	0.221185
0.29412705	0.3338733	0.24470878	0.12729089
0.35309315	0.42078534	0.093202405	0.1329191
0.025752595	0.46026558	0.05707428	0.45690757
0.44003478	0.35694185	0.18147421	0.021549176
0.02335233	2.364793e-05	0.058972023	0.917652
0.23789817	0.0009045333	0.75296783	0.008229479
0.010032634	0.72472036	0.10948992	0.15575708
0.5910977	0.29921135	0.006047958	0.10364296
0.1782108	0.25520253	0.09243385	0.4741528
0.0379904	0.24016246	0.071469955	0.6503772
0.057955164	0.53711545	0.016825503	0.3881039

MOTIF 0_45
letter-probability matrix: alength= 4 w= 12
0.06251648	0.2967529	0.19300698	0.44772366
0.0083207665	0.55260855	0.20597851	0.23309219
0.51230186	0.3393586	0.13776194	0.010577602
0.0893085	0.37066957	0.20562522	0.33439672
0.48480853	0.49095684	0.022742372	0.001492254
0.08738386	0.033515077	0.08811681	0.7909843
0.51982117	0.06019109	0.052429263	0.3675585
0.021698322	0.48749247	0.3576031	0.13320608
0.44654778	0.22798266	0.003949464	0.3215201
0.07980131	0.12606646	0.7164823	0.077649936
0.20015186	0.12255993	0.48198223	0.19530599
0.29856682	0.4551269	0.0072767157	0.23902956

MOTIF 0_46
letter-probability matrix: alength= 4 w= 12
0.21840084	0.19106549	0.2550323	0.33550137
0.49142447	0.4457468	0.050256602	0.012572127
0.090967104	0.15952349	0.5370649	0.2124445
0.24174754	0.6421358	0.105916455	0.010200229
0.8130029	0.00017018108	0.17477597	0.012050948
0.17060654	0.096205495	0.568341	0.16484697
0.49985376	0.2506927	0.24884197	0.00061158824
0.08986625	0.4033664	0.021102455	0.4856649
0.20355253	0.118983164	0.5867259	0.09073842
0.006929561	0.63543487	0.26070148	0.09693408
0.17099476	0.03145159	0.2936315	0.50392216
0.19480948	0.4137315	0.2064456	0.18501343

MOTIF 0_47
letter-probability matrix: alength= 4 w= 12
0.5533663	0.06057531	0.21748614	0.16857225
0.39241818	0.14482073	0.025091842	0.43766925
0.20012698	0.23165457	0.032032255	0.5361862
0.7610903	0.19516179	0.030675646	0.013072286
0.15453406	0.030328354	0.0016821953	0.8134554
0.011759088	0.40046015	0.04298823	0.54479253
0.5299241	0.013045154	0.008628034	0.44840273
0.32828313	0.0018287092	0.6579337	0.01195444
0.4971267	0.11745522	0.22746536	0.15795271
0.24085781	0.20836431	0.14433779	0.4064401
0.564051	0.10157747	0.24386948	0.090502106
0.5312101	0.22263041	0.071287096	0.17487234

MOTIF 0_48
letter-probability matrix: alength= 4 w= 12
0.18842317	0.1238043	0.22460742	0.4631651
0.37169454	0.34594506	0.113558896	0.16880153
0.31921473	0.21312383	0.45575538	0.011906033
0.23049246	0.38624203	0.008113777	0.37515175
0.32845017	0.024103405	0.52892506	0.11852136
0.07072242	0.6856166	0.0056713894	0.23798957
0.17526439	0.110179365	0.25088614	0.46367007
0.029784506	0.35194176	0.14245968	0.47581404
0.07055733	0.7542948	0.12339157	0.051756285
0.37339398	0.20794286	0.14230429	0.27635884
0.6617317	0.013362726	0.16020219	0.16470337
0.7690171	0.06097715	0.116948135	0.053057596

MOTIF 0_49
letter-probability matrix: alength= 4 w= 12
0.2837802	0.58053195	0.13206689	0.0036209412
0.50680184	0.3004141	0.15434188	0.038442228
0.10312299	0.5606493	0.24282752	0.0934002
0.6268068	0.02102863	0.34047478	0.011689792
0.56181884	0.07855611	0.33955923	0.020065803
0.69204277	0.062920496	0.15456635	0.090470366
0.24633624	0.5711163	0.08948982	0.093057595
0.12330693	0.05026788	0.16115256	0.66527265
0.05696042	0.5999244	0.17141879	0.17169641
0.32822385	0.52373105	0.14284112	0.0052039954
0.29040185	0.5638449	0.018843072	0.12691015
0.18220481	0.018553631	0.35974908	0.43949246

MOTIF 0_50
letter-probability matrix: alength= 4 w= 12
0.16839872	0.335418	0.29152903	0.20465428
0.25139493	0.224777	0.07262245	0.45120564
0.716358	0.11093791	0.12654492	0.046159174
0.2925992	0.098058864	0.094712295	0.51462966
0.54200226	0.011066573	0.44308355	0.0038476288
0.0767237	0.42216903	0.3851526	0.11595467
0.3877507	0.32880527	0.0037300969	0.27971396
0.7698227	0.0077818604	0.14225093	0.0801445
0.94234127	0.0045651933	0.047167476	0.0059260908
0.11119771	0.21119896	0.034214206	0.6433891
0.032012027	0.12937807	0.1680152	0.6705947
0.5018805	0.05561123	0.3262443	0.11626396

MOTIF 0_51
letter-probability matrix: alength= 4 w= 12
0.1876512	0.016132535	0.6483347	0.14788157
0.11890443	0.47825402	0.39895445	0.0038870873
0.124034785	0.06999753	0.37548962	0.43047807
0.16326515	0.61137366	0.22324164	0.0021195486
0.17425984	0.059040286	0.37181973	0.39488012
0.0071375608	0.12813158	0.7776646	0.08706626
0.026415717	0.107977144	0.40149343	0.4641137
0.08061025	0.0152412765	0.6163018	0.28784668
0.34007895	0.5609763	0.012784697	0.08616002
0.042173773	0.62624043	0.09925179	0.23233397
0.6993162	0.013735873	0.2092586	0.07768932
0.3505269	0.040713307	0.36143172	0.2473281

MOTIF 0_52
letter-probability matrix: alength= 4 w= 12
0.5519436	0.018529156	0.41815633	0.011370933
0.0051588775	0.941422	0.04207076	0.011348405
0.64843035	0.27692923	0.05567758	0.018962817
0.36178038	0.111124255	0.46935648	0.057738878
0.3123768	0.038466305	0.47080392	0.17835298
0.24245599	0.5137645	0.019143041	0.22463645
0.020010363	0.43610537	0.26115412	0.28273016
0.1179164	0.18282476	0.24790773	0.4513511
0.47955033	0.3125401	0.07800832	0.12990122
0.035830546	0.31052953	0.4748026	0.17883734
0.48321113	0.34075627	0.038387455	0.13764517
0.24336836	0.060881514	0.40830603	0.2874441

MOTIF 0_53
letter-probability matrix: alength= 4 w= 12
0.42680642	0.14744525	0.055825558	0.36992276
0.14295866	0.0037189375	0.5479338	0.30538857
0.17197363	0.36442995	0.36320585	0.10039057
0.038595	0.49317157	0.091448516	0.37678492
0.424934	0.320866	0.106957056	0.14724295
0.29316846	0.16154815	0.009507409	0.53577596
0.4588505	0.040586732	0.44457123	0.055991534
0.06690975	0.03583562	0.55027306	0.34698153
0.18085863	0.22966644	0.2745686	0.31490636
0.85417306	0.0015560408	0.02438316	0.119887754
0.91068846	0.00043050462	0.006333086	0.08254796
0.10213333	0.5312635	0.098710045	0.26789317

MOTIF 0_54
letter-probability matrix: alength= 4 w= 12
0.40814587	0.010006304	0.34279823	0.23904957
0.21070027	0.49393204	0.0018172628	0.29355043
0.21932659	0.1669667	5.6789464e-05	0.6136499
0.26383817	0.41233125	0.15590979	0.16792077
0.2646105	0.43119106	0.0054631466	0.2987353
0.51956683	0.019001754	0.25800022	0.20343122
0.33709657	0.00014197367	0.21564664	0.44711483
0.0110341925	0.96493816	0.02085877	0.003168852
0.09735418	0.04322246	0.014265513	0.84515786
0.14402944	0.3472562	0.24219571	0.26651862
0.06575652	0.46493533	0.108859725	0.36044842
0.46706495	0.0	0.002021705	0.53091335

MOTIF 0_55
letter-probability matrix: alength= 4 w= 12
0.19165735	0.004195338	0.0042786566	0.79986864
0.16389754	0.0876512	0.7353555	0.013095728
0.5483346	0.139544	0.12481621	0.18730518
0.35033524	0.004744261	0.2191721	0.4257484
0.27392223	0.1806936	0.4320463	0.113337845
0.46130586	0.034405693	0.19936188	0.30492657
0.02178047	0.18552119	0.40553626	0.38716206
0.07208042	0.82133055	0.0045237113	0.102065325
0.76897216	0.047251467	3.9208768e-05	0.18373719
0.20990904	0.32764807	0.18483993	0.27760297
0.12866847	0.59322864	0.07027681	0.20782606
0.42388597	0.18990277	0.032357033	0.3538542

MOTIF 0_56
letter-probability matrix: alength= 4 w= 12
0.22594866	0.4080577	0.24264875	0.12334491
0.13724379	0.4185201	0.30489522	0.13934088
0.20462582	0.58921	0.1459306	0.060233586
0.018942583	0.2815748	0.104478866	0.5950037
0.00031379634	0.7512131	0.20774847	0.04072464
0.27339312	0.0069341334	0.07193589	0.64773685
0.34359166	0.20073014	0.3047039	0.1509743
0.105374336	0.31540358	0.5640374	0.015184681
0.26400986	0.34437233	0.02871619	0.36290163
0.26269343	0.051676895	0.6800502	0.0055794516
0.070933275	0.013156485	0.82109016	0.09482007
0.5928301	0.3639119	0.005717216	0.037540756

MOTIF 0_57
letter-probability matrix: alength= 4 w= 12
0.4164764	0.44438523	0.040748473	0.09838991
0.2521379	0.5038749	0.09910377	0.14488345
0.400884	0.44996896	0.014247786	0.13489926
0.25091556	0.53097206	0.01225779	0.2058546
0.10079551	0.7076563	0.02809953	0.16344862
0.06300514	0.08164852	0.16811313	0.6872332
0.088904426	0.10985073	0.07748762	0.7237572
0.06809014	0.50197285	0.37405574	0.055881247
0.14504482	0.1440767	0.05465889	0.6562196
0.038421106	0.28861302	0.6116574	0.061308507
0.049681455	0.06963031	0.45565048	0.42503777
0.14982177	0.47564334	0.146761	0.22777389

MOTIF 0_58
letter-probability matrix: alength= 4 w= 12
0.46706802	0.034151055	0.18144102	0.3173399
0.5636563	0.26973724	0.13528794	0.031318557
0.519597	0.055006027	0.42304212	0.0023548622
0.31389648	0.24302845	0.37486184	0.06821325
0.3129023	0.5075117	0.10881241	0.07077361
0.3652036	0.085874714	0.18376811	0.36515358
0.11359988	0.4156165	0.36589226	0.10489134
0.012768462	0.086230166	0.0013718182	0.89962953
0.083369896	0.0010219213	0.9145641	0.001044137
0.231704	0.30973104	0.03161847	0.42694652
0.09534415	0.5370252	0.13496026	0.23267038
0.52899426	0.012540752	0.3534237	0.105041295

MOTIF 0_59
letter-probability matrix: alength= 4 w= 12
0.099942066	0.39223668	0.09869606	0.40912518
0.3524678	0.31633374	0.2735649	0.05763355
0.05308604	0.17616247	0.030340547	0.7404109
0.64096886	0.32838106	0.024054984	0.006595081
0.24643858	0.24362911	0.09828337	0.41164893
0.614152	0.0057617677	0.3799989	8.729951e-05
0.38368928	0.3447299	0.119655885	0.15192495
0.8882725	0.078117184	0.024912106	0.008698205
0.137711	0.1280525	0.057387523	0.67684895
0.01591232	0.13700467	0.13845702	0.708626
0.0058093853	0.4086252	0.11198146	0.47358397
0.027197765	0.28404087	0.054466955	0.63429445

MOTIF 0_60
letter-probability matrix: alength= 4 w= 12
0.16386801	0.11911055	0.42438078	0.29264066
0.38935664	0.25597847	0.25584394	0.098820925
0.32991216	0.28096858	0.17760545	0.2115138
0.7886207	0.010999446	0.068552665	0.13182718
0.19787924	0.47727308	0.28547123	0.039376434
2.373981e-05	0.2156841	0.0023818945	0.78191024
0.9384348	0.0037192372	0.054015987	0.0038300229
0.010532564	0.07854712	0.2505579	0.6603624
0.69697714	0.017915644	0.27529478	0.009812456
0.007129857	0.17720187	0.46655062	0.34911767
0.38373032	0.19453984	0.17967872	0.24205112
0.16457228	0.21573949	0.18171243	0.4379758

MOTIF 0_61
letter-probability matrix: alength= 4 w= 12
0.039833512	0.6589642	0.13576266	0.16543959
0.29549795	0.003930175	0.1838771	0.5166948
0.14200357	0.43191805	0.007575135	0.41850325
0.016455494	0.4164197	0.48828924	0.07883555
0.47795862	0.47330818	0.043463968	0.0052692387
0.37718564	0.06681298	0.24971357	0.3062878
0.40839985	0.097152196	0.26675883	0.22768912
0.41100547	0.105384775	0.12601699	0.3575928
0.06432822	0.23472767	0.0050033596	0.69594073
0.119974285	0.14087237	0.017156448	0.7219969
0.078173265	0.326016	0.5058808	0.08992995
0.04120158	0.4104592	0.18536602	0.3629732

MOTIF 0_62
letter-probability matrix: alength= 4 w= 12
0.0309178	0.25512442	0.42688796	0.2870698
0.31672567	0.236742	0.016291186	0.43024117
0.021579362	0.40429303	0.17565155	0.39847603
0.09045184	0.0049396367	0.114422895	0.79018563
0.0030947844	0.04277413	0.60015386	0.35397726
0.17066385	0.68508315	0.052707486	0.09154553
0.07300687	0.48660228	0.3565312	0.083859645
0.58034724	7.812078e-05	6.0092902e-06	0.41956866
0.13244475	0.10322759	0.50728023	0.25704738
0.1915281	0.012811807	0.53608876	0.25957128
0.3340204	0.012769742	0.6440457	0.009164168
0.26988924	0.4802625	0.06766461	0.18218365

MOTIF 0_63
letter-probability matrix: alength= 4 w= 12
0.23367502	0.10145543	0.42384267	0.24102686
0.45684826	0.050225634	0.2677027	0.22522339
0.017632468	0.4505723	0.5171513	0.014643914
0.39685604	0.25979498	0.00022713009	0.34312186
0.21589313	0.28901705	0.17033562	0.32475418
0.034302622	0.25497743	0.3933893	0.31733063
0.0061205584	0.73277545	0.22831954	0.032784436
0.32575834	0.5474851	0.003992708	0.12276381
0.0067063146	0.007214369	0.00017931323	0.9859
0.05238935	7.77024e-05	0.8054571	0.14207585
0.1440722	0.014357013	0.5364633	0.30510744
0.19622844	0.2457428	0.4841517	0.07387705

MOTIF 0_64
letter-probability matrix: alength= 4 w= 12
0.32455787	0.054900218	0.18027654	0.44026536
0.031914957	0.342892	0.24807255	0.3771205
0.47162145	0.038008306	0.007156979	0.48321325
0.4114752	0.035989206	0.1484397	0.4040959
0.053890668	0.7149167	0.011369441	0.21982321
0.81666476	0.046000566	0.0013640926	0.13597058
0.18155651	0.52583665	0.16771728	0.12488958
0.7413152	0.0036235584	0.121494375	0.13356689
0.10712032	0.026302347	0.38237256	0.48420477
0.16675581	0.0	0.6577209	0.17552325
0.11680117	0.15178683	0.0842853	0.6471267
0.3022096	0.13480479	0.5294602	0.03352543

MOTIF 0_65
letter-probability matrix: alength= 4 w= 12
0.11095428	0.24915563	0.27167666	0.36821344
0.07780915	0.41557443	0.24528658	0.26132983
0.10015375	0.46947622	0.0715708	0.35879922
0.40839088	0.03099007	0.0	0.56061906
0.00025205425	0.02820487	0.011922166	0.9596209
0.0	0.010019156	0.01589202	0.97408885
0.033888694	0.0052301255	0.96079296	8.8218985e-05
0.00022684882	0.003679992	0.0	0.99609315
0.11050058	0.21076776	0.2067349	0.47199678
0.17855522	0.24553864	0.09361295	0.4822932
0.19482532	0.218405	0.18060946	0.4061602
0.21729596	0.29297525	0.20940666	0.28032213

MOTIF 0_66
letter-probability matrix: alength= 4 w= 12
0.24377644	0.010644511	0.19970292	0.54587615
0.4139426	0.26866567	0.10565458	0.21173716
0.2558711	0.09656596	0.22120342	0.4263595
0.36341894	0.4409416	0.106319234	0.08932024
0.012119839	0.5693505	0.10208459	0.3164451
0.50206447	0.4235851	0.038640484	0.03570997
0.020579053	0.39800102	0.0026435046	0.5787764
0.20024672	0.0022205438	0.3696828	0.42784995
0.012411883	0.6506294	0.27066466	0.06629406
0.35296577	0.45612788	0.005453172	0.18545318
0.6870997	0.104249746	0.11193354	0.09671702
0.79108256	0.0012638469	0.049425982	0.1582276

MOTIF 0_67
letter-probability matrix: alength= 4 w= 12
0.40071195	0.31435606	0.17901261	0.10591938
0.39737657	0.0030200304	0.20373076	0.39587262
0.0028199079	0.0428626	0.9367613	0.017556202
0.5778992	0.23109297	0.06539154	0.12561628
0.3645504	0.48701325	0.041164592	0.10727172
0.76161164	0.046580028	0.016434303	0.17537402
0.03195289	0.66751164	0.2970667	0.00346879
0.21581696	0.019199632	0.000933905	0.76404953
0.1252221	0.16152918	0.25317314	0.46007556
0.1888186	0.24136592	0.18998297	0.3798325
0.06027326	0.56480026	0.050734084	0.32419237
0.3097411	0.083596624	0.0020800612	0.6045822

MOTIF 0_68
letter-probability matrix: alength= 4 w= 12
0.019821523	0.2649589	0.120188974	0.5950306
0.4831636	0.39808923	0.00058092736	0.11816623
