MEME version 4

ALPHABET= ACGT

strands: + -

MOTIF 0_0
letter-probability matrix: alength= 4 w= 12
0.14523503	0.09764389	0.16914782	0.5879733
0.0032821475	0.1984527	0.100222714	0.69804245
0.04184738	0.13878796	0.111475796	0.7078889
0.36771774	0.15297152	0.30770132	0.17160943
0.14886883	0.6264213	0.03926855	0.18544133
0.050873287	0.013363029	0.09612003	0.83964366
0.011839175	0.01793459	0.025788302	0.9444379
0.007970929	0.5875044	0.0053920993	0.39913258
0.03903411	0.90915483	0.03434533	0.017465713
0.07126949	0.24745047	0.3747509	0.30652913
0.18719962	0.032821476	0.7775173	0.0024616106
0.16082522	0.14699332	0.57097644	0.12120502

MOTIF 0_1
letter-probability matrix: alength= 4 w= 12
0.21204764	0.63487107	0.10509886	0.047982424
0.10382703	0.15134698	0.25898948	0.4858365
0.013643196	0.5518557	0.14128801	0.2932131
0.07977801	0.025089607	0.46317494	0.43195745
0.14776275	0.035957914	0.49023008	0.32604927
0.8958261	0.020117933	0.06798474	0.016071223
0.4471037	0.13955371	0.36582264	0.047519945
0.054919645	0.13631634	0.24222453	0.56653947
0.017458666	0.7078275	0.0058966354	0.26881722
0.37634408	0.062319342	0.44641	0.114926584
0.035957914	0.054341543	0.11481096	0.79488957
0.74540406	0.11527344	0.033067405	0.10625506

MOTIF 0_2
letter-probability matrix: alength= 4 w= 12
0.7169185	0.07398026	0.15896586	0.05013538
0.79814833	0.029172853	0.0074242293	0.16525461
0.2576644	0.24412613	0.33094594	0.16726352
0.2510263	0.3326928	0.35286924	0.06341165
0.37898508	0.54834485	0.013712988	0.058957115
0.1311905	0.072495416	0.6149882	0.18132588
0.25722772	0.0064634467	0.58345705	0.15285178
0.9440999	0.012140798	0.008297668	0.035461612
0.8868897	0.026203161	0.0053279763	0.08157918
0.4091187	0.016420648	0.538475	0.035985675
0.16726352	0.16621539	0.14787318	0.5186479
0.5847672	0.024630971	0.2712027	0.11939907

MOTIF 0_3
letter-probability matrix: alength= 4 w= 12
0.10758343	0.09486468	0.31127474	0.48627713
0.011762456	0.6565937	0.32896623	0.0026776323
0.31796882	0.5933824	0.053361386	0.03528737
0.06225495	0.2777087	0.49928278	0.16075356
0.050205603	0.48818973	0.05508272	0.40652195
0.039781965	0.15004304	0.8085493	0.0016257053
0.07095725	0.059577316	0.48350388	0.38596156
0.07220044	0.12240604	0.34464952	0.460744
0.0011475567	0.5045424	0.16792579	0.32638425
0.04791049	0.88400114	0.0111886775	0.056899685
0.2049345	0.03385292	0.7572918	0.0039208187
0.039877594	0.008797934	0.93229413	0.019030314

MOTIF 0_4
letter-probability matrix: alength= 4 w= 12
0.090973005	0.17716536	0.4316648	0.30019686
0.04316648	0.09828459	0.8381609	0.020388076
0.03655793	0.90509	0.055821147	0.0025309336
0.18405512	0.12767154	0.48368955	0.20458381
0.085770525	0.6989595	0.2140045	0.0012654668
0.0037964005	0.9126828	0.045978628	0.037542183
0.11881328	0.10503375	0.757171	0.018982003
0.08661418	0.61853206	0.18616423	0.10868954
0.2331271	0.715973	0.02727784	0.023622047
0.011107987	0.3768279	0.60278404	0.00928009
0.28233972	0.027699662	0.32550618	0.36445445
0.010967379	0.015748031	0.22412823	0.74915636

MOTIF 0_5
letter-probability matrix: alength= 4 w= 12
0.32812324	0.055211965	0.588103	0.02856179
0.0029236479	0.74463063	0.2153379	0.037107836
0.0050601596	0.010457663	0.531879	0.45260316
0.3207017	0.2462611	0.40638706	0.026650174
0.86596197	0.046328574	0.03238502	0.055324413
0.37681323	0.12031935	0.35623524	0.14663218
0.12819071	0.14820646	0.65534693	0.06825593
0.5023052	0.4845384	0.00787136	0.005285056
0.05937254	0.040143933	0.8866524	0.013831103
0.6916676	0.26931295	0.013268863	0.02575059
0.6311706	0.04655347	0.2659395	0.056336444
0.48847407	0.33025974	0.14247161	0.03879456

MOTIF 0_6
letter-probability matrix: alength= 4 w= 12
0.18688446	0.41844824	0.23660822	0.15805909
0.00096084556	0.97766036	0.02065818	0.0007206342
0.06629834	0.017775642	0.85323083	0.062695175
0.47321644	0.032428537	0.49219313	0.0021619024
0.06894067	0.0026423254	0.9279366	0.00048042278
0.843142	0.072063416	0.06053327	0.02426135
0.42925775	0.5003603	0.0052846507	0.06509729
0.08719673	0.32812876	0.57098246	0.013692049
0.034590438	0.08623589	0.51141006	0.36776364
0.08815758	0.110497236	0.7131876	0.08815758
0.00048042278	0.053086717	0.856834	0.08959885
0.22099447	0.14100409	0.19577228	0.44222915

MOTIF 0_7
letter-probability matrix: alength= 4 w= 12
0.3353805	0.20627503	0.24098799	0.21735647
0.0029372496	0.77436584	0.21335113	0.009345794
0.23511349	0.23991989	0.5001335	0.024833111
0.027369827	0.046194926	0.8815754	0.04485981
0.027903872	0.90974635	0.0056074765	0.05674232
0.033911884	0.45914552	0.48891857	0.018024033
0.024165554	0.2873164	0.039385848	0.6491322
0.43551403	0.034979973	0.03965287	0.48985314
0.31962618	0.16728972	0.41441923	0.09866489
0.19639519	0.10280374	0.54259014	0.15821095
0.003070761	0.7955941	0.18878505	0.012550067
0.20040053	0.03831776	0.7226969	0.03858478

MOTIF 0_8
letter-probability matrix: alength= 4 w= 12
0.013955455	0.14223288	0.0018325346	0.84197915
0.0038060332	0.061883282	0.8693262	0.06498449
0.1736679	0.024668735	0.30011278	0.5015506
0.123766564	0.43811673	0.3924443	0.045672398
0.039751902	0.042712152	0.39441782	0.52311814
0.28122357	0.65266424	0.0053566396	0.06075557
0.6818438	0.0	0.28221032	0.03594587
0.71398365	0.01649281	0.018325346	0.2511982
0.6292642	0.037214547	0.22526078	0.108260505
0.6047364	0.012827742	0.20637158	0.17606428
0.52354103	0.36284184	0.0033831408	0.110234
0.39780095	0.25993797	0.31646463	0.025796447

MOTIF 0_9
letter-probability matrix: alength= 4 w= 12
0.06972951	0.037379365	0.89126	0.0016310996
0.65719724	0.07108876	0.2280821	0.043631915
0.32785103	0.39024058	0.07802093	0.20388745
0.32649177	0.022563545	0.60228354	0.04866114
0.011417697	0.06279734	0.90716326	0.01862172
0.0017670246	0.5587875	0.19831453	0.24113089
0.079516105	0.8137828	0.009242898	0.097458206
0.12219655	0.19314939	0.6645372	0.020116895
0.034932718	0.15332337	0.81024873	0.0014951747
0.06021476	0.05586516	0.88269675	0.0012233247
0.10275928	0.442028	0.44053283	0.014679897
0.004349599	0.817045	0.101943724	0.07666168

MOTIF 0_10
letter-probability matrix: alength= 4 w= 12
0.0065159067	0.18282866	0.80988884	0.00076657726
0.020697584	0.0022997316	0.7776926	0.19931008
0.083748564	0.8376773	0.018972786	0.05960138
0.002491376	0.32464546	0.53468764	0.13817555
0.009007283	0.017439632	0.4225757	0.5509774
0.49118435	0.1765044	0.31218857	0.020122653
0.0034495976	0.25067076	0.61038715	0.13549252
0.045228057	0.19183595	0.15599847	0.6069375
0.41510156	0.38022232	0.003641242	0.20103487
0.051360674	0.8252204	0.00076657726	0.12265236
0.0059409738	0.2966654	0.6903028	0.0070908396
0.5216558	0.033537753	0.36489075	0.07991568

MOTIF 0_11
letter-probability matrix: alength= 4 w= 12
0.2777778	0.13040772	0.2673514	0.32446313
0.012449424	0.0074696545	0.9677871	0.012293806
0.04824152	0.0	0.0	0.9517585
0.33193278	0.37177092	0.0017117958	0.2945845
0.38328665	0.0014005603	0.6153128	0.0
0.32384065	0.37223777	0.30392158	0.0
0.009803922	0.0	0.6300965	0.36009958
0.17055711	0.01198257	0.39402428	0.42343605
0.006224712	0.46545285	0.4273265	0.10099595
0.25054467	0.65281665	0.018518519	0.078120135
0.005602241	0.14628074	0.67600375	0.17211328
0.11951447	0.023809524	0.5768752	0.2798008

MOTIF 0_12
letter-probability matrix: alength= 4 w= 12
0.53430396	0.011030223	0.40282375	0.05184205
0.04610633	0.52084714	0.26097506	0.17207147
0.0198544	0.6565189	0.26384294	0.05978381
0.11427311	0.7112288	0.1431723	0.031325832
0.10743437	0.2128833	0.65497464	0.0247077
0.35296714	0.091330245	0.53673065	0.018971983
0.004412089	0.5938672	0.29296273	0.108757995
0.024928303	0.7273329	0.24641518	0.0013236267
0.043017868	0.2964924	0.5435694	0.11692036
0.0132362675	0.039929405	0.03860578	0.9082285
0.026031327	0.029560996	0.0030884624	0.9413192
0.11956762	0.7429958	0.046988748	0.09044783

MOTIF 0_13
letter-probability matrix: alength= 4 w= 12
0.0	0.06935563	0.9232661	0.0073782587
0.026561731	0.035661586	0.8733399	0.06443679
0.0027053615	0.8792425	0.11116576	0.0068863747
0.0044269552	0.14731923	0.77717656	0.07107723
0.009837679	0.035415642	0.7604525	0.19429414
0.27988195	0.5885391	0.089522876	0.042056076
0.0	0.52311856	0.47270045	0.0041810134
0.015002459	0.11682243	0.3932612	0.47491392
0.0009837678	0.9085096	0.006394491	0.08411215
0.013280866	0.88366944	0.054353174	0.048696507
0.028529268	0.3293163	0.64215446	0.0
0.14608952	0.13502213	0.7004427	0.018445646

MOTIF 0_14
letter-probability matrix: alength= 4 w= 12
0.10820534	0.0	0.8731147	0.01867995
0.00719524	0.8722845	0.12052027	0.0
0.01964854	0.23536737	0.7135741	0.03140999
0.00622665	0.09077072	0.86232185	0.04068078
0.00332088	0.29860246	0.5590148	0.13906185
0.1296527	0.3801024	0.44928738	0.04095752
0.04483188	0.45371523	0.19288778	0.3085651
0.00041511	0.20395738	0.6273696	0.16825792
0.00262903	0.5267746	0.43282136	0.03777501
0.00152207	0.8256538	0.027812371	0.14501177
0.02324616	0.00041511	0.97633874	0.0
0.09907292	0.02435312	0.8531894	0.02338453

MOTIF 0_15
letter-probability matrix: alength= 4 w= 12
0.13090129	0.4384459	0.09498531	0.3356675
0.022136888	0.068217754	0.24395753	0.6656878
0.004065959	0.7419245	0.14750396	0.106505536
0.15642647	0.66839844	0.02496047	0.1502146
0.0039530154	0.006324825	0.55545515	0.43426698
0.0016941496	0.22859724	0.057375196	0.7123334
0.005195392	0.44849786	0.047662072	0.49864468
0.0019200362	0.14908516	0.68985766	0.15913711
0.08707929	0.6691891	0.06697538	0.17675626
0.14547098	0.80505985	0.04404789	0.0054212785
0.015134403	0.026202846	0.798735	0.15992771
0.014117912	0.2183194	0.63372487	0.13383782

MOTIF 0_16
letter-probability matrix: alength= 4 w= 12
0.008207934	0.9595075	0.009575923	0.022708619
0.01887825	0.7149111	0.050341997	0.21586867
0.0	0.16771546	0.749658	0.08262654
0.08235294	0.80328315	0.11326949	0.0010943912
0.0147742815	0.6155951	0.3499316	0.019699043
0.024350205	0.78221613	0.16525307	0.028180575
0.079616964	0.6383037	0.047606017	0.23447332
0.03502052	0.11190151	0.45718193	0.39589605
0.29138166	0.076880984	0.060738713	0.5709986
0.44514364	0.092749655	0.09630643	0.36580026
0.75786597	0.20547196	0.008481532	0.028180575
0.0049247607	0.08919289	0.7991792	0.10670315

MOTIF 0_17
letter-probability matrix: alength= 4 w= 12
0.09086022	0.59166664	0.31693548	0.0005376344
0.0005376344	0.0029569892	0.9137097	0.0827957
0.027419355	0.013709677	0.8174731	0.14139785
0.31827956	0.2594086	0.03548387	0.38682795
0.017473118	0.93064517	0.001344086	0.050537635
0.19193548	0.47634408	0.12956989	0.20215054
0.005376344	0.008870968	0.90430105	0.08145161
0.0018817204	0.010752688	0.98521507	0.0021505377
0.115053765	0.5236559	0.3295699	0.03172043
0.05698925	0.8376344	0.10537634	0.0
0.14758064	0.22768818	0.605914	0.018817205
0.30080646	0.047580644	0.2594086	0.3922043

MOTIF 0_18
letter-probability matrix: alength= 4 w= 12
0.032174475	0.6794429	0.25221336	0.036169294
0.38641763	0.58464694	0.005074498	0.023860937
0.024076873	0.012848197	0.95594907	0.007125891
0.053876054	0.021377672	0.9044483	0.020297991
0.9575686	0.008097603	0.027423883	0.006909955
0.87713236	0.023429064	0.03703304	0.062405527
0.31872165	0.03811272	0.5996545	0.043511122
0.15698554	0.38469014	0.08043619	0.37788814
0.3087886	0.04912546	0.55819476	0.08389117
0.26171452	0.2564241	0.35629454	0.12556683
0.35931763	0.34582165	0.18905205	0.10580868
0.12481105	0.4442885	0.2608508	0.17004967

MOTIF 0_19
letter-probability matrix: alength= 4 w= 12
0.025590735	0.5768189	0.20650043	0.19108994
0.04118801	0.19669375	0.1655926	0.5965256
0.41244045	0.42691696	0.019893527	0.14074904
0.06463061	0.0033622864	0.8736341	0.058373027
0.12814046	0.2248062	0.57000095	0.07705239
0.5807416	0.3727468	0.032595497	0.013916129
0.007658541	0.22022976	0.5713085	0.20080322
0.0039226674	0.11693285	0.020173717	0.85897076
0.0016811432	0.07807976	0.11814701	0.8020921
0.5684132	0.09433081	0.043242738	0.29401326
0.115158305	0.33828336	0.47744465	0.069113664
0.39441487	0.13729335	0.38815728	0.08013449

MOTIF 0_20
letter-probability matrix: alength= 4 w= 12
0.04199773	0.76333714	0.118209824	0.076455325
0.33273876	0.6306146	0.022944706	0.013701962
0.093238205	0.046619102	0.856251	0.0038916816
0.0908059	0.0535917	0.8169288	0.038673583
0.8796011	0.0064050592	0.026268851	0.08772499
0.83273876	0.0501054	0.02675531	0.09040052
0.54078156	0.03997081	0.39192477	0.027322847
0.1910167	0.49262202	0.07710394	0.23925734
0.25620237	0.13937084	0.46992055	0.13450624
0.27266094	0.28660613	0.33427924	0.1064537
0.25563484	0.2710394	0.3434409	0.12988487
0.09113021	0.4589752	0.10045403	0.34944057

MOTIF 0_21
letter-probability matrix: alength= 4 w= 12
0.28534415	0.27847245	0.35586348	0.080319926
0.0015771093	0.08617777	0.8463445	0.06590064
0.13687056	0.048101835	0.6138335	0.2011941
0.22304833	0.10363862	0.64267206	0.030640982
0.18114227	0.793624	0.018362058	0.006871691
0.046750028	0.2625887	0.66599077	0.024670497
0.21313506	0.08955728	0.5119973	0.18531035
0.12808381	0.005181931	0.83800834	0.02872592
0.00045060267	0.019037964	0.7238932	0.25661823
0.010363862	0.6053847	0.012954827	0.3712966
0.0011265067	0.96451503	0.00022530134	0.034133155
0.0011265067	0.061732568	0.2514363	0.68570465

MOTIF 0_22
letter-probability matrix: alength= 4 w= 12
0.122912094	0.1555593	0.28235194	0.43917665
0.19655812	0.035937235	0.08874641	0.6787582
0.32326642	0.3817277	0.053905856	0.24110006
0.18964063	0.021258647	0.7870761	0.002024633
0.070777796	0.009279568	0.7290366	0.19090602
0.08419099	0.8215792	0.013244474	0.08098532
0.00025307914	0.35110512	0.11852539	0.53011644
0.068668805	0.2588156	0.19740172	0.4751139
0.42120802	0.4622912	0.07567066	0.040830098
0.0051459423	0.011219841	0.7458242	0.23781002
0.11801923	0.8456217	0.010123165	0.02623587
0.24253416	0.47460774	0.07862325	0.20423485

MOTIF 0_23
letter-probability matrix: alength= 4 w= 12
0.039865192	0.035820894	0.053827636	0.87048626
0.40741453	0.3311507	0.03033221	0.23110256
0.07674531	0.1231584	0.63091	0.16918632
0.13220991	0.1774675	0.31882522	0.37149736
0.3112181	0.0034665384	0.0741454	0.61116993
0.11612903	0.35974964	0.10553683	0.4185845
0.008666346	0.035339434	0.3891189	0.5668753
0.78093404	0.06807896	0.01974001	0.13124698
0.45199808	0.3815118	0.16080886	0.005681271
0.06336062	0.029850746	0.713818	0.19297063
0.2040443	0.08040443	0.28184882	0.43370247
0.51333654	0.050457392	0.0005777564	0.43562832

MOTIF 0_24
letter-probability matrix: alength= 4 w= 12
0.55291027	0.11527352	0.30695844	0.024857769
0.17601751	0.27763677	0.4885777	0.057768054
0.008752735	0.5564114	0.0073522977	0.4274836
0.30091903	0.19054705	0.46634573	0.042188182
0.12691467	0.4898906	0.22940919	0.15378556
0.75089717	0.049365427	0.050678335	0.14905909
0.45584247	0.41881838	0.111859955	0.013479212
0.06582057	0.040787745	0.059431072	0.8339606
0.07868709	0.04332604	0.40621445	0.47177243
0.65557986	0.2639825	0.06407002	0.016367614
0.1638512	0.8261707	0.0013129102	0.008665208
0.3862582	0.07439825	0.31308535	0.2262582

MOTIF 0_25
letter-probability matrix: alength= 4 w= 12
0.5033905	0.39030713	0.100119665	0.0061826883
0.0021938572	0.0	0.824292	0.17351416
0.02672517	0.78001595	0.17969684	0.013562026
0.0021938572	0.7417232	0.097925805	0.15815715
0.008775429	0.050458714	0.94076586	0.0
0.14200239	0.00039888313	0.8214998	0.036098924
0.8954926	0.0011966494	0.012963702	0.09034703
0.41523734	0.030315118	0.43498206	0.1194655
0.0065815714	0.44315916	0.30733946	0.24291982
0.16234544	0.06282409	0.3057439	0.46908656
0.31072995	0.032309532	0.6541683	0.002792182
0.18009573	0.37076187	0.4365776	0.012564818

MOTIF 0_26
letter-probability matrix: alength= 4 w= 12
0.25816783	0.24871877	0.39493915	0.098174244
0.025144137	0.04836643	0.7371877	0.18930173
0.0024023063	0.22998078	0.76473415	0.0028827675
0.02690583	0.13789238	0.81278026	0.022421524
0.49039078	0.46284434	0.000640615	0.04612428
0.0017616912	0.35233825	0.31950673	0.32639334
0.00256246	0.00896861	0.88661116	0.10185778
0.074951954	0.7821909	0.13340807	0.009449071
0.0	0.9732543	0.0022421526	0.024503523
0.0	0.22597694	0.62588084	0.14814222
0.03603459	0.2434337	0.7128443	0.00768738
0.0011210763	0.01713645	0.917681	0.0640615

MOTIF 0_27
letter-probability matrix: alength= 4 w= 12
0.025647288	0.45000815	0.29474026	0.2296043
0.0015469793	0.42802474	0.566113	0.004315258
0.27764207	0.502524	0.1774141	0.042419802
0.021250611	0.085083865	0.7332682	0.16039734
0.1321446	0.7374206	0.123514086	0.006920697
0.1778212	0.6139065	0.17309885	0.035173424
0.08882918	0.18140368	0.29034358	0.43942356
0.27153558	0.37534603	0.22048527	0.13263312
0.028741248	0.8116756	0.15005699	0.009526135
0.23343104	0.101123594	0.52304184	0.14240351
0.025810128	0.94960105	0.002116919	0.02247191
0.0009770396	0.0023611789	0.9008305	0.0958313

MOTIF 0_28
letter-probability matrix: alength= 4 w= 12
0.072885655	0.6311611	0.28602934	0.009923916
0.0013231889	0.0007718602	0.63027894	0.36762598
0.21534899	0.14334546	0.6188113	0.022494212
0.45892602	0.016319329	0.34458044	0.18017422
0.42992613	0.039695665	0.046201345	0.48417687
0.23166832	0.031094939	0.36134082	0.37589592
0.002536112	0.6880582	0.0038593009	0.30554637
0.23729187	0.036167163	0.5297166	0.19682434
0.4351086	0.3956335	0.1313265	0.037931416
0.8644834	0.013672952	0.10971441	0.012129231
0.5914654	0.2629838	0.055794466	0.08975631
0.090528175	0.039034072	0.18899548	0.68144226

MOTIF 0_29
letter-probability matrix: alength= 4 w= 12
0.038821395	0.89093703	0.06968301	0.0005585812
0.08951264	0.04426756	0.77363497	0.09258483
0.04999302	0.5373551	0.36112276	0.051529117
0.010613043	0.4861053	0.48945677	0.013824885
0.23264907	0.19438626	0.49699762	0.07596704
0.061443932	0.7253177	0.068565845	0.14467253
0.022482894	0.2139366	0.041195363	0.72238517
0.381092	0.5553694	0.011730205	0.051808406
0.0034911325	0.00949588	0.9868733	0.0001396453
0.27398407	0.053065214	0.5701718	0.10277894
0.016757436	0.23278871	0.18796258	0.5624913
0.2762184	0.32872504	0.33836058	0.056695994

MOTIF 0_30
letter-probability matrix: alength= 4 w= 12
0.036817104	0.05510689	0.7266033	0.18147269
0.53230405	0.067220904	0.010451307	0.39002374
0.61947745	0.3	0.07909739	0.0014251781
0.00047505938	0.01567696	0.983848	0.0
0.042517815	0.55700713	0.21805225	0.1824228
0.03016627	0.4311164	0.4864608	0.052256532
0.29548693	0.67695963	0.013064133	0.014489311
0.03610451	0.3185273	0.64536816	0.0
0.004513064	0.0011876485	0.9513064	0.042992875
0.2783848	0.5769596	0.07909739	0.065558195
0.0	0.8239905	0.13444181	0.041567694
0.049406175	0.3536817	0.05130641	0.5456057

MOTIF 0_31
letter-probability matrix: alength= 4 w= 12
0.10578639	0.74624014	0.124394596	0.023578893
0.3417028	0.025363242	0.39982158	0.23311241
0.5646189	0.021284731	0.010960999	0.40313536
0.066020906	0.7257201	0.11661994	0.09163905
0.22941627	0.22266123	0.047157787	0.5007647
0.0022941625	0.7180729	0.18455264	0.09508029
0.21845527	0.010578639	0.3810859	0.38988018
0.28855467	0.5497069	0.06449146	0.097247005
0.087433085	0.22151415	0.61853176	0.07252103
0.3417028	0.4945195	0.124394596	0.039383125
0.025235789	0.0073923017	0.94914603	0.018225847
0.22724955	0.009304104	0.108208	0.65523833

MOTIF 0_32
letter-probability matrix: alength= 4 w= 12
0.043793216	0.7369114	0.070135005	0.14916036
0.30070794	0.13673033	0.26745144	0.29511032
0.13475469	0.19097795	0.32672045	0.34754694
0.0027164966	0.5110306	0.46608496	0.020167928
0.5299638	0.31807706	0.023460653	0.12849852
0.04914389	0.031198552	0.048649985	0.87100756
0.26885083	0.005350675	0.705219	0.020579519
0.6733619	0.03844254	0.06585446	0.22234112
0.18019427	0.616974	0.187109	0.015722753
0.12166612	0.14677313	0.7217649	0.009795851
0.44188344	0.11771485	0.26967403	0.17072769
0.17698386	0.15047744	0.6652947	0.007243991

MOTIF 0_33
letter-probability matrix: alength= 4 w= 12
0.5130076	0.025823174	0.4528175	0.008351733
0.007103773	0.0056638187	0.019775366	0.96745706
0.3528847	0.04406259	0.46424115	0.13881156
0.09782087	0.0123836035	0.8686762	0.021119324
0.22338486	0.7337045	0.009311702	0.033598926
0.39176345	0.15532303	0.42968225	0.023231257
0.006815782	0.08994912	0.84861284	0.05462225
0.116924256	0.7520399	0.11394835	0.017087454
0.13372372	0.49928004	0.14524335	0.2217529
0.34942883	0.16377077	0.37314007	0.113660365
0.0061438032	0.37563598	0.52894306	0.08927714
0.2569838	0.4156667	0.2565038	0.07084573

MOTIF 0_34
letter-probability matrix: alength= 4 w= 12
0.21298629	0.15197313	0.18835713	0.44668347
0.010355444	0.06577106	0.8407501	0.08312342
0.06689057	0.055695493	0.2418136	0.6356003
0.008116429	0.30898404	0.01511335	0.6677862
0.0	0.11055136	0.3856703	0.50377834
0.2297789	0.03134621	0.06828995	0.6705849
0.13322139	0.00083963055	0.25048977	0.6154492
0.044220544	0.019031625	0.068849705	0.8678981
0.11083123	0.48894486	0.09627764	0.30394626
0.003918276	0.91687655	0.005037783	0.07416736
0.00027987684	0.31010357	0.60761267	0.08200392
0.0030786453	0.0	0.24965015	0.7472712

MOTIF 0_35
letter-probability matrix: alength= 4 w= 12
0.09337301	0.5449574	0.20709345	0.15457617
0.03828213	0.012867942	0.654737	0.29411292
0.018095544	0.088145405	0.29033294	0.6034261
0.05283899	0.13012707	0.40349042	0.41354352
0.33625543	0.45930514	0.13101174	0.0734277
0.028470322	0.5878237	0.31349525	0.07021071
0.09634872	0.07447322	0.55460835	0.27456972
0.9095223	0.0016084928	0.043027185	0.045842048
0.47506836	0.040292747	0.43984237	0.044796526
0.12634711	0.46043107	0.22559112	0.18763068
0.11886762	0.35258162	0.0027344378	0.5258163
0.0016084928	0.10286312	0.8875663	0.00796204

MOTIF 0_36
letter-probability matrix: alength= 4 w= 12
0.1860298	0.045968756	0.59759384	0.17040761
0.009516969	0.8638894	0.09660621	0.02998743
0.037708744	0.2995152	0.66277605	0.0
0.21871072	0.34440655	0.4340097	0.0028730473
0.0007182618	0.32627043	0.67013824	0.0028730473
0.0010773927	0.032860477	0.96354824	0.0025139162
0.11061232	0.67229307	0.03914527	0.17794937
0.0030526128	0.8369546	0.11528102	0.0447118
0.022086551	0.6302747	0.19806069	0.14957802
0.16968936	0.20093374	0.43778056	0.19159634
0.04112049	0.010055665	0.11061232	0.83821154
0.0842162	0.46956366	0.0012569581	0.4449632

MOTIF 0_37
letter-probability matrix: alength= 4 w= 12
0.6921592	0.14255068	0.078730024	0.08656012
0.40630698	0.36930174	0.042904645	0.18148665
0.0066502197	0.0037541564	0.53834605	0.4512496
0.031534914	0.013085917	0.005899389	0.94947976
0.12002574	0.15091708	0.4876113	0.24144588
0.4738818	0.24080232	0.0558833	0.22943258
0.21173441	0.42518502	0.07529765	0.2877829
0.42765203	0.0068647433	0.4612249	0.104258284
0.5950874	0.068861954	0.026708141	0.30934247
0.54917943	0.37112516	0.044084523	0.035610855
0.31899604	0.0048267725	0.6749973	0.0011798777
0.2642926	0.10704709	0.01995066	0.60870963

MOTIF 0_38
letter-probability matrix: alength= 4 w= 12
0.04951667	0.5194318	0.013217597	0.4178339
0.0051292167	0.21029788	0.20477411	0.57979876
0.62911814	0.10061156	0.23594397	0.034326296
0.010258433	0.9453541	0.025843361	0.01854409
0.18958375	0.043598343	0.46735057	0.29946736
0.14361808	0.7571513	0.008482936	0.090747684
0.8615112	0.04063918	0.053462222	0.044387452
0.53422767	0.27322942	0.033734463	0.15880844
0.23732492	0.012231209	0.6512132	0.09923062
0.08640757	0.60860133	0.17380154	0.13118958
0.087196685	0.16650227	0.7115802	0.034720853
0.035312686	0.32077333	0.039455514	0.60445845

MOTIF 0_39
letter-probability matrix: alength= 4 w= 12
0.061191387	0.03052197	0.33972278	0.5685638
0.773813	0.06251843	0.0038336774	0.15983486
0.8078738	0.022559717	0.12990269	0.039663818
0.011943379	0.023591861	0.94470656	0.019758184
0.21734002	0.18121499	0.41433206	0.18711294
0.40327337	0.19212621	0.20569153	0.19890888
0.09997051	0.16661751	0.71439105	0.019020937
0.056473017	0.05750516	0.83205545	0.05396638
0.029489826	0.9538484	0.008699499	0.007962253
0.090091415	0.29784724	0.6029195	0.009141846
0.10336184	0.19625479	0.47345915	0.22692421
0.48156887	0.09466234	0.37127692	0.052491892

MOTIF 0_40
letter-probability matrix: alength= 4 w= 12
0.09122551	0.46964547	0.41670713	0.022421887
0.20802979	0.58296907	0.07366035	0.13534078
0.0013760725	0.0057471264	0.8887	0.10417678
0.15080136	0.009794398	0.7723005	0.06710377
0.9296584	0.019265015	0.036992066	0.014084507
0.9385624	0.008499271	0.016917598	0.036020722
0.27351466	0.13671686	0.5429011	0.04686741
0.058199774	0.19580702	0.10879067	0.6372025
0.15533431	0.17969888	0.39072365	0.27424315
0.5358588	0.22956127	0.18067023	0.053909663
0.22292376	0.36635908	0.15760078	0.2531164
0.2741622	0.06588959	0.37542495	0.28452322

MOTIF 0_41
letter-probability matrix: alength= 4 w= 12
0.1455857	0.25723866	0.5827492	0.014426496
0.34054658	0.13593416	0.45179316	0.0717261
0.010261099	0.97907144	0.006908463	0.0037590165
0.0058925124	0.9425988	0.042771515	0.008737174
0.092654675	0.47769988	0.035050288	0.39459515
0.019811032	0.8315554	0.10464289	0.043990653
0.00010159504	0.32774562	0.6374073	0.034745503
0.088590875	0.7102509	0.06024586	0.14091232
0.06471604	0.8371431	0.08940364	0.008737174
0.009549934	0.7235599	0.13573098	0.1311592
0.030173728	0.761658	0.0038606117	0.20430763
0.049883164	0.36421824	0.53967285	0.046225745

MOTIF 0_42
letter-probability matrix: alength= 4 w= 12
0.24391145	0.1103321	0.6453875	0.00036900368
0.0014760147	0.064206645	0.79348093	0.1408364
0.049446493	0.9313653	0.016236162	0.0029520295
0.01795818	0.20159902	0.700615	0.0798278
0.009840098	0.071709715	0.7389914	0.1794588
0.17195572	0.41845018	0.37687576	0.032718327
0.0024600246	0.9722017	0.0019680196	0.023370234
0.00701107	0.32263222	0.5805658	0.089790896
0.07232472	0.4378844	0.24464944	0.24514145
0.0009840098	0.5643296	0.400123	0.034563344
0.052275524	0.49643296	0.43345633	0.017835177
0.00012300123	0.040590405	0.94268143	0.016605167

MOTIF 0_43
letter-probability matrix: alength= 4 w= 12
0.026459707	0.13913463	0.28566834	0.54873735
0.08243526	0.5029757	0.2359659	0.17862312
0.15795399	0.32226154	0.2953193	0.22446518
0.004664629	0.0066752452	0.95978767	0.028872447
0.004423355	0.1713045	0.7020267	0.12224545
0.020990832	0.702268	0.0013672189	0.27537397
0.0049863276	0.8851536	0.0009650957	0.10889497
0.0015280682	0.4050185	0.077046804	0.51640666
0.00048254785	0.05147177	0.87349206	0.074553646
0.07487534	0.29909924	0.53281325	0.09321216
0.09876146	0.6528068	0.025333762	0.22309795
0.012063696	0.26258644	0.32829338	0.39705646

MOTIF 0_44
letter-probability matrix: alength= 4 w= 12
0.13743266	0.16804625	0.22073315	0.47378793
0.043489687	0.14741822	0.7014847	0.10760741
0.50308764	0.4672185	0.023518592	0.0061752726
0.008014715	0.45920378	0.4601235	0.072657995
0.0409933	0.098278806	0.5816581	0.27906978
0.41939297	0.50308764	0.06306662	0.014452766
0.0045986073	0.10405991	0.5610301	0.3303114
0.23952174	0.15661542	0.58126396	0.02259887
0.19865984	0.0034161082	0.04191302	0.756011
0.32334778	0.6183156	0.054789122	0.003547497
0.04848246	0.008671659	0.8826698	0.06017606
0.15832348	0.00026277755	0.81277096	0.028642753

MOTIF 0_45
letter-probability matrix: alength= 4 w= 12
0.017783191	0.81128705	0.08412505	0.08680471
0.21396671	0.7139261	0.021274868	0.05083232
0.044173773	0.057328463	0.699797	0.19870077
0.40194884	0.4591149	0.018920016	0.12001624
0.01226147	0.9196102	0.03913926	0.028989037
0.074868046	0.30190825	0.44303694	0.18018676
0.1866017	0.72984165	0.07413723	0.009419407
0.0012992286	0.22419813	0.7370686	0.037434023
0.030044662	0.52009743	0.34413317	0.10572473
0.098741375	0.76086074	0.116930574	0.023467315
0.0021924481	0.4083638	0.47015834	0.11928543
0.014129111	0.5067803	0.26187575	0.21721478

MOTIF 0_46
letter-probability matrix: alength= 4 w= 12
0.26359728	0.6210944	0.08662589	0.028682427
0.6211771	0.0077698794	0.26624236	0.104810715
0.29930568	0.46644074	0.22276409	0.011489502
0.6377087	0.037526865	0.20466192	0.120102495
0.6854026	0.10869565	0.077533476	0.12836832
0.23326169	0.62316084	0.06439081	0.07918664
0.193999	0.019755332	0.42321044	0.3630352
0.09406514	0.16043974	0.35716647	0.38832864
0.12555794	0.29773515	0.04356092	0.53314596
0.36278725	0.100677796	0.5252934	0.011241527
0.19011407	0.0069432966	0.042899653	0.76004297
0.61679614	0.0052901306	0.020085964	0.35782775

MOTIF 0_47
letter-probability matrix: alength= 4 w= 12
0.08447528	0.35967043	0.05810928	0.497745
0.052298352	0.11387684	0.4581093	0.37571552
0.011101474	0.15880312	0.033391155	0.79670423
0.6822203	0.10355594	0.09176063	0.12246314
0.18785776	0.027320035	0.7545533	0.030268865
0.22098872	0.08048569	0.41925412	0.27927145
0.011795317	0.86027753	0.012402428	0.11552472
0.049002603	0.7378144	0.06140503	0.15177797
0.18291414	0.7499566	0.028274067	0.03885516
0.5359063	0.09236774	0.34666088	0.025065048
0.37805724	0.16357328	0.41838682	0.039982654
0.23807459	0.49878576	0.016565481	0.24657415

MOTIF 0_48
letter-probability matrix: alength= 4 w= 12
0.20006193	0.013007123	0.7844534	0.0024775472
0.031279035	0.010065036	0.89098793	0.067668006
0.17745432	0.3000929	0.22901827	0.2934345
0.0043357075	0.8631155	0.07138433	0.061164446
0.08113967	0.0049550943	0.89563334	0.01827191
0.13982657	0.04180861	0.77562714	0.04273769
0.068906784	0.040260144	0.8829359	0.007897181
0.070455246	0.2039331	0.6995974	0.026014246
0.09925674	0.7760917	0.018891297	0.1057603
0.0029420874	0.26680088	0.21941778	0.5108393
0.23614122	0.2539486	0.19758439	0.3123258
0.027098173	0.0023227006	0.96345615	0.0071229483

MOTIF 0_49
letter-probability matrix: alength= 4 w= 12
0.0018515537	0.036789566	0.4346321	0.5267268
0.009740783	0.034293994	0.5313959	0.4245693
0.012880374	0.4074223	0.2312832	0.3484141
0.06383835	0.8140396	0.051924005	0.07019804
0.017871518	0.29793915	0.17485107	0.50933826
0.0037836097	0.096361294	0.66390276	0.23595235
0.47818387	0.25712445	0.0045081307	0.26018354
0.006440187	0.9351151	0.016261471	0.042183224
0.028336821	0.32861054	0.414265	0.22878763
0.26106906	0.6927226	0.035662536	0.010545806
0.051360488	0.40927386	0.5027371	0.036628563
0.28811786	0.086218	0.52704877	0.09861536

MOTIF 0_50
letter-probability matrix: alength= 4 w= 12
0.24473663	0.4382512	0.022021458	0.29499072
0.061466485	0.12414294	0.80737275	0.0070178267
0.51068807	0.060256515	0.12301363	0.30604178
0.6621763	0.11446317	0.1395499	0.0838106
0.66556424	0.11309188	0.04154231	0.17980157
0.06259579	0.622328	0.09776559	0.21731064
0.23626684	0.022102121	0.37347746	0.36815357
0.6287005	0.04807615	0.122690976	0.20053239
0.49382916	0.31088167	0.052351374	0.14293781
0.6426555	0.011857707	0.32862788	0.016858917
0.11906106	0.19472453	0.0579979	0.6282165
0.43397596	0.4619666	0.050496086	0.053561345

MOTIF 0_51
letter-probability matrix: alength= 4 w= 12
0.45683992	0.15425032	0.28832802	0.10058172
0.1355789	0.5031901	0.17367236	0.18755864
0.12563333	0.12037906	0.22837305	0.52561456
0.17930193	0.3085945	0.066241324	0.44586226
0.17855132	0.0142615875	0.19234379	0.6148433
0.71833366	0.18427472	0.004409833	0.0929818
0.027960218	0.055451304	0.91152185	0.0050666165
0.31994745	0.48986676	0.17282793	0.017357854
0.009382623	0.0049727904	0.8750235	0.11062113
0.4041096	0.009851755	0.1269469	0.45909175
0.3361794	0.32285607	0.21899043	0.1219741
0.82022893	0.028054044	0.1158754	0.03584162

MOTIF 0_52
letter-probability matrix: alength= 4 w= 12
0.054924052	0.47329244	0.4178654	0.053918116
0.0017100895	0.71733224	0.015290212	0.26566744
0.002414244	0.20782617	0.7554572	0.034302384
0.0015089025	0.39714316	0.5961171	0.005230862
0.20702143	0.30399355	0.4817423	0.007242732
0.122221105	0.013278342	0.8511216	0.013378936
0.029473895	0.92787445	0.039130874	0.0035207726
0.27311134	0.417966	0.3081179	0.00080474804
0.008148073	0.37179357	0.5584951	0.061563224
0.035509504	0.01036113	0.2985615	0.6555678
0.21858968	0.098984	0.27582738	0.40659893
0.54058945	0.26999295	0.08681219	0.10260537

MOTIF 0_53
letter-probability matrix: alength= 4 w= 12
0.29802978	0.24747717	0.1774147	0.27707833
0.1283037	0.30610284	0.3624219	0.20317155
0.063815475	0.27227294	0.2302739	0.43363768
0.111292645	0.55588657	0.2490149	0.08380586
0.49130225	0.022681404	0.2640077	0.22200865
0.025372418	0.5987506	0.10543008	0.2704469
0.0038443056	0.005862566	0.0047092745	0.98558384
0.049399327	0.00019221529	0.018068237	0.9323402
0.06314272	0.88390195	0.044593945	0.008361365
0.030850552	0.9390678	0.0041326284	0.025949063
0.0049014897	0.0078808265	0.42229697	0.5649207
0.010667948	0.28226814	0.38068238	0.32638153

MOTIF 0_54
letter-probability matrix: alength= 4 w= 12
0.045325205	0.0	0.7473577	0.20731707
0.042276423	0.53841466	0.3871951	0.03211382
0.13069105	0.8321138	0.004674797	0.032520324
0.094512194	0.16178861	0.7436992	0.0
0.00040650406	0.1745935	0.78292686	0.04207317
0.0	0.92743903	0.03191057	0.040650405
0.0030487804	0.16646342	0.5176829	0.31280488
0.0034552845	0.9941057	0.0	0.0024390244
0.0020325202	0.6565041	0.33800814	0.0034552845
0.031097561	0.0040650405	0.85365856	0.11117886
0.030284554	0.84613824	0.08841463	0.0351626
0.0032520324	0.78211385	0.19878049	0.015853658

MOTIF 0_55
letter-probability matrix: alength= 4 w= 12
0.006959769	0.059412662	0.0084875235	0.92514
0.10668817	0.31234086	0.010439654	0.5705313
0.05890341	0.636734	0.011712782	0.2926498
0.40426072	0.1508233	0.43405193	0.01086403
0.046002377	0.020624682	0.03114921	0.9022237
0.70123917	0.13826175	0.0005092514	0.15998982
0.3653879	0.015277542	0.4197929	0.19954167
0.015617043	0.44296384	0.11271431	0.4287048
0.04948226	0.18214226	0.38490918	0.3834663
0.27287388	0.09370226	0.3933967	0.24002716
0.30470207	0.21532847	0.16465795	0.3153115
0.38193855	0.08750637	0.19461891	0.3359362

MOTIF 0_56
letter-probability matrix: alength= 4 w= 12
0.021392955	0.69502974	0.049461156	0.23411614
0.024207817	0.0072382176	0.83311886	0.1354351
0.5565385	0.32789126	0.028792022	0.086778186
0.018417243	0.016165353	0.76902044	0.19639698
0.23242721	0.42174682	0.24473219	0.10109378
0.30786553	0.03675406	0.43541902	0.21996139
0.060720604	0.3250764	0.24682322	0.36737975
0.021312531	0.03651279	0.4010777	0.541097
0.0095705325	0.3658517	0.029917967	0.5946598
0.31027827	0.27199614	0.38780764	0.029917967
0.067235	0.76314944	0.13455042	0.035065144
0.067878395	0.0039408077	0.6138009	0.31437993

MOTIF 0_57
letter-probability matrix: alength= 4 w= 12
0.0009075783	0.9812434	0.0037815762	0.014067464
0.01890788	0.21509606	0.50567234	0.2603237
0.7278778	0.26637423	0.003025261	0.0027227348
0.0010588414	0.79549235	0.202995	0.00045378914
0.16593556	0.090001516	0.6374225	0.10664045
0.5345636	0.44970503	0.015731357	0.0
0.0021176827	0.20405385	0.63394344	0.15988503
0.067312054	0.23037362	0.56254727	0.13976705
0.13704433	0.43367115	0.111934654	0.31734988
0.00030252608	0.26092875	0.7057934	0.032975346
0.00075631525	0.09756467	0.68794435	0.21373469
0.043412495	0.3544093	0.07517774	0.5270004

MOTIF 0_58
letter-probability matrix: alength= 4 w= 12
0.0013938166	0.027116068	0.13177902	0.83971107
0.3014445	0.4185251	0.15293969	0.12709072
0.005701977	0.026102383	0.38355297	0.58464265
0.055245817	0.086416624	0.6964014	0.16193613
0.005701977	0.6003548	0.026102383	0.36784086
0.30448556	0.26507857	0.4040801	0.026355803
0.4068677	0.11150532	0.34642676	0.1352002
0.58426255	0.4005322	0.0	0.015205272
0.00088697416	0.2366954	0.7573492	0.0050684237
0.27306134	0.22883934	0.2439179	0.25418144
0.11137861	0.7978966	0.005575266	0.08514952
0.0013938166	0.1147998	0.8579574	0.02584896

MOTIF 0_59
letter-probability matrix: alength= 4 w= 12
0.11933666	0.3991979	0.038369823	0.4430956
0.2844136	0.22328202	0.34088445	0.1514199
0.08508563	0.16193366	0.7507045	0.0022761761
0.05246044	0.8091264	0.07901582	0.059397355
0.021352699	0.80132234	0.03609365	0.1412313
0.053110775	0.7478864	0.039345328	0.1596575
0.0243876	0.9592456	0.012356384	0.0040104054
0.20095383	0.1941253	0.5984175	0.00650336
0.00065033603	0.92055064	0.044656407	0.03414264
0.0010838934	0.91025364	0.0153912855	0.07327119
0.027964449	0.5855192	0.069477566	0.3170388
0.036743984	0.31530458	0.051484935	0.5964665

MOTIF 0_60
letter-probability matrix: alength= 4 w= 12
0.015167425	0.09193793	0.726403	0.16649166
0.21666083	0.115622446	0.02940147	0.63831526
0.07105355	0.5100922	0.3097655	0.109088786
0.78182244	0.08248746	0.07222028	0.06346984
0.12040602	0.7149691	0.10838875	0.056236144
0.35620114	0.00886711	0.60016334	0.034768406
0.26531327	0.193443	0.41395402	0.1272897
0.45537278	0.1705752	0.3313499	0.042702135
0.014350718	0.059036285	0.87166023	0.054952748
0.06883678	0.9047952	0.006300315	0.02006767
0.43378836	0.04573562	0.48862442	0.031851593
0.0700035	0.07712052	0.8447089	0.008167075

MOTIF 0_61
letter-probability matrix: alength= 4 w= 12
0.3265306	0.59471303	0.06807287	0.010683468
0.0	0.0527325	0.8983701	0.04889741
0.056019723	0.83440626	0.09902753	0.010546501
0.012874949	0.04287084	0.9442542	0.0
0.4244624	0.51417613	0.025749898	0.03561156
0.26448432	0.2717436	0.34680182	0.11697028
0.0	0.06341597	0.928366	0.008218052
0.025749898	0.6419669	0.16312833	0.16915491
0.15682784	0.69524723	0.11792905	0.02999589
0.029311053	0.257362	0.71332693	0.0
0.022462677	0.5636214	0.41213533	0.001780578
0.098342694	0.123133816	0.72538006	0.053143404

MOTIF 0_62
letter-probability matrix: alength= 4 w= 12
0.272271	0.15255123	0.43726474	0.137913
0.11783773	0.022584694	0.81712675	0.042450856
0.12003346	0.050920118	0.8077164	0.021329988
0.15422417	0.7692388	0.060539525	0.01599749
0.51756585	0.10194479	0.34870347	0.031785864
0.3103304	0.01934337	0.50773734	0.16258888
0.39439565	0.28272688	0.31074864	0.012128816
0.022584694	0.020702634	0.88456714	0.072145544
0.011501464	0.63477623	0.028544541	0.32517776
0.32423672	0.42032623	0.2320159	0.023421163
0.16718946	0.023525722	0.76108325	0.04820159
0.043705564	0.07904642	0.060644083	0.81660396

MOTIF 0_63
letter-probability matrix: alength= 4 w= 12
0.043070015	0.57889366	0.37272912	0.0053072055
0.04388651	0.085323535	0.8605838	0.010206165
0.004490712	0.15839967	0.83588487	0.0012247397
0.04837722	0.8809961	0.0053072055	0.065319456
0.0146968765	0.33067974	0.5060216	0.14860176
0.057971016	0.6476832	0.25045928	0.04388651
0.0030618494	0.14186569	0.85221475	0.002857726
0.40273526	0.012859767	0.5705246	0.013880384
0.15492958	0.09369259	0.0	0.7513778
0.037966933	0.42396408	0.52092266	0.017146356
0.0	0.005511329	0.6313533	0.36313534
0.05450092	0.25637886	0.3296591	0.35946113

MOTIF 0_64
letter-probability matrix: alength= 4 w= 12
0.00023733238	0.99703336	0.0023733238	0.00035599858
0.07594636	0.6263202	0.27150825	0.026225228
0.14334875	0.33760533	0.5086033	0.010442625
0.0065266406	0.79174083	0.1498754	0.051857125
0.15699537	0.75590366	0.016138602	0.070962384
0.007594636	0.98611605	0.003915984	0.0023733238
0.001898659	0.3892251	0.5853803	0.023495905
0.004865314	0.51228195	0.48237807	0.00047466476
0.03927851	0.81737274	0.06277441	0.08057434
0.079506345	0.34970927	0.45354217	0.117242195
0.1825086	0.56046045	0.25453898	0.00249199
0.003915984	0.496618	0.031565208	0.46790078

MOTIF 0_65
letter-probability matrix: alength= 4 w= 12
0.5111434	0.016149871	0.40358528	0.06912145
0.03246124	0.0012919897	0.82154393	0.14470284
0.031976745	0.6950904	0.16860466	0.10432816
0.007267442	0.008397933	0.94266796	0.041666668
0.19331396	0.009043927	0.79683465	0.0008074935
0.64373386	0.21333979	0.11046512	0.03246124
0.39131138	0.4641473	0.14324935	0.0012919897
0.0119509045	0.04893411	0.91618216	0.022932816
0.28956717	0.34383073	0.3470607	0.019541344
0.041666668	0.751615	0.00629845	0.2004199
0.22884367	0.2866602	0.4228036	0.061692506
0.04247416	0.018087855	0.6511628	0.28827518

MOTIF 0_66
letter-probability matrix: alength= 4 w= 12
0.16870536	0.01699368	0.59001726	0.22428373
0.21311879	0.11772432	0.44643298	0.22272392
0.70930135	0.057630736	0.10779082	0.12527707
0.37484607	0.0797964	0.45874724	0.086610295
0.04211477	0.29570642	0.61645186	0.04572695
0.1547492	0.62958705	0.12921764	0.08644611
0.14030047	0.0040226583	0.8550201	0.00065676053
0.113701664	0.0021344717	0.83630246	0.047861423
0.87915605	0.029882604	0.07552746	0.015433872
0.75814795	0.13529266	0.047286756	0.05927264
0.012396355	0.24538216	0.6737542	0.06846728
0.047533043	0.27354077	0.22830638	0.45061982

MOTIF 0_67
letter-probability matrix: alength= 4 w= 12
0.0049031624	0.07567214	0.14488845	0.77453625
0.00024515812	0.010214922	0.0020429844	0.9874969
0.25300318	0.62564355	0.0003268775	0.1210264
0.042739235	0.62131244	0.3285119	0.007436463
0.04192204	0.030971643	0.8833047	0.043801587
0.119473726	0.30595735	0.442347	0.13222195
0.09070851	0.39029175	0.17079349	0.34820625
0.07207649	0.08294517	0.24099045	0.60398793
0.026558798	0.5100106	0.2555365	0.20789409
0.3892294	0.27555773	0.2400098	0.09520307
0.30824548	0.11546948	0.26207402	0.314211
