MEME version 4

ALPHABET= ACGT

strands: + -

MOTIF 0_0
letter-probability matrix: alength= 4 w= 12
0.06574142	0.03370552	0.26682666	0.6337264
0.18115413	0.015861422	0.62026507	0.1827194
0.2958364	0.41396222	0.10028175	0.18991965
0.00500887	0.1182302	0.7538349	0.12292601
0.0039653555	0.36710843	0.10842116	0.5205051
0.4834603	0.3843264	0.013252635	0.118960656
0.034018576	0.0085568195	0.9036836	0.053741
0.023792133	0.40039653	0.5544193	0.02139205
0.0024000835	0.8683085	0.11697798	0.012313472
0.005321924	0.6173432	0.35239488	0.024939997
0.05593238	0.58895963	0.028174894	0.32693312
0.24199103	0.033183765	0.62329125	0.101533964

MOTIF 0_4
letter-probability matrix: alength= 4 w= 12
0.205983	0.04636273	0.111160174	0.6364941
0.060933877	0.76156306	0.018876256	0.15862678
0.051882107	0.29164368	0.52058727	0.13588697
0.04305111	0.083121754	0.21006733	0.66375977
0.44033557	0.39816758	0.05994039	0.101556465
0.054200243	0.26702726	0.6521691	0.026603378
0.50689924	0.005298598	0.38514185	0.102660336
0.15520477	0.4383486	0.26040402	0.14604262
0.0029804613	0.5359311	0.06380395	0.39728448
0.18578209	0.7060382	0.106303126	0.0018765868
0.019759355	0.07373882	0.87040514	0.0360967
0.002870074	0.11071862	0.8345292	0.051882107

MOTIF 0_5
letter-probability matrix: alength= 4 w= 12
0.45172527	0.14966801	0.323936	0.07467073
0.028736258	0.8491346	0.00065309677	0.121476
0.38761294	0.07673887	0.48884293	0.04680527
0.611734	0.17209099	0.05496898	0.16120605
0.746925	0.06258844	0.06552737	0.12495918
0.047893763	0.14204855	0.21748123	0.59257644
0.082290195	0.11516273	0.68738437	0.11516273
0.29345813	0.62751716	0.04702297	0.03200174
0.07695657	0.114291936	0.7623816	0.04636987
0.023076085	0.42527485	0.30619353	0.24545553
0.6154348	0.00054424733	0.017633613	0.36638728
0.5583977	0.1703494	0.21334495	0.057907913

MOTIF 0_7
letter-probability matrix: alength= 4 w= 12
0.39783373	0.3973458	0.06498829	0.13983217
0.23077674	0.73155737	0.009465261	0.028200625
0.5906518	0.0024395003	0.39041764	0.016491022
0.4248634	0.05552303	0.16129977	0.35831383
0.25722092	0.1503708	0.42701015	0.16539812
0.62665886	0.12607338	0.15310304	0.094164714
0.53629977	0.34435987	0.030249804	0.089090556
0.006245121	0.007025761	0.71428573	0.2724434
0.025565963	0.035421547	0.34250584	0.59650666
0.7986924	0.018637784	0.111924276	0.07074551
0.61602265	0.16871585	0.19096409	0.024297424
0.10138564	0.04469165	0.79605776	0.05786495

MOTIF 0_8
letter-probability matrix: alength= 4 w= 12
0.49393484	0.18015037	0.31197995	0.013934837
0.00320802	0.050125312	0.84030074	0.10636591
0.7164912	0.03809524	0.18957393	0.0558396
0.7747368	0.060050126	0.15378445	0.011428571
0.112882204	0.053333335	0.8247619	0.009022556
0.07538847	0.13704261	0.58526313	0.20230576
0.086115286	0.758797	0.08140351	0.07368421
0.054837093	0.72721803	0.2085213	0.009423559
0.048822057	0.26686716	0.6261654	0.058145363
0.105363406	0.1997995	0.67177945	0.023057643
0.08370927	0.33834586	0.32010025	0.2578446
0.011528822	0.8578446	0.08360902	0.047017545

MOTIF 0_9
letter-probability matrix: alength= 4 w= 12
0.003700658	0.07195724	0.2350603	0.6892818
0.6417215	0.01576206	0.2617873	0.080729164
0.030564694	0.6577577	0.30619517	0.005482456
0.26576206	0.014528509	0.6615954	0.058114037
0.42447916	0.4595669	0.089226976	0.026726974
0.64364034	0.20709978	0.027823465	0.1214364
0.09183114	0.0685307	0.31907895	0.5205592
0.3405976	0.009868421	0.52933115	0.120202854
0.02631579	0.61403507	0.19613487	0.16351426
0.03111294	0.015625	0.94832784	0.0049342103
0.4623081	0.4890351	0.002741228	0.04591557
0.3866502	0.04810855	0.26918858	0.29605263

MOTIF 0_10
letter-probability matrix: alength= 4 w= 12
0.961244	0.016963128	0.0069501707	0.0148427375
0.37884322	0.17457886	0.07986806	0.36670986
0.016374132	0.008834963	0.9161267	0.058664154
0.016963128	0.02167511	0.77806574	0.18329602
0.048062198	0.53162915	0.41394746	0.0063611735
0.025444694	0.07562728	0.84780306	0.051124986
0.09918718	0.09153022	0.3538697	0.4554129
0.020025916	0.5073625	0.009777359	0.46283427
0.07456709	0.08363765	0.4527035	0.38909176
0.034044057	0.33926257	0.5627282	0.063965134
0.012368948	0.3373778	0.567558	0.08269525
0.09023442	0.19837436	0.60077745	0.11061373

MOTIF 0_11
letter-probability matrix: alength= 4 w= 12
0.17292029	0.20309788	0.21978903	0.4041928
0.026305247	0.81265855	0.070903994	0.09013219
0.132728	0.075310454	0.555882	0.23607959
0.112298034	0.37267992	0.47255975	0.04246228
0.34089997	0.42128456	0.2366137	0.0012017626
0.100681	0.0069435174	0.70636934	0.18600614
0.7146481	0.03565229	0.051275205	0.19842435
0.581386	0.08038457	0.07971692	0.2585125
0.026305247	0.6839364	0.23821606	0.051542263
0.0086793965	0.0034717587	0.9843771	0.0034717587
0.103485115	0.08906396	0.7991721	0.008278809
0.21204433	0.018293496	0.5711043	0.19855788

MOTIF 0_14
letter-probability matrix: alength= 4 w= 12
0.012970815	0.857321	0.010476428	0.11923173
0.0091045145	0.014716887	0.97031677	0.005861811
0.14617111	0.10401596	0.5784485	0.17136443
0.017959591	0.6474183	0.09116987	0.24345224
0.21588925	0.41494137	0.13070591	0.23846346
0.11012721	0.40271887	0.32277375	0.16438015
0.06647543	0.004614617	0.18732852	0.74158144
0.056872036	0.04664505	0.020453978	0.87602895
0.095784485	0.84123224	0.0006235969	0.06235969
0.094163135	0.5868047	0.18558244	0.13344973
0.13357446	0.10314293	0.53255177	0.23073086
0.09428785	0.29246694	0.43452233	0.17872287

MOTIF 0_15
letter-probability matrix: alength= 4 w= 12
0.04704	0.0352	0.14666666	0.7710933
0.00512	0.82144	0.053866666	0.11957333
0.044053335	0.03168	0.8746667	0.0496
0.38026667	0.17365333	0.39008	0.056
0.05408	0.7141333	0.09504	0.13674666
0.15189333	0.28096	0.30432	0.26282668
0.06741333	0.44554666	0.45941332	0.027626667
0.040746666	0.09013333	0.7159467	0.15317333
0.030293332	0.57034665	0.14464	0.25472
0.011946667	0.84352	0.09152	0.053013332
0.05248	0.33813334	0.5952	0.014186666
0.1888	0.09632	0.60981333	0.105066665

MOTIF 0_16
letter-probability matrix: alength= 4 w= 12
0.44061944	0.009024064	0.54289216	0.0074643493
0.04523173	0.9108734	0.016154189	0.027740642
0.057263814	0.28197417	0.6463904	0.014371658
0.020610517	0.6262255	0.32676026	0.026403744
0.5690731	0.07252674	0.35628343	0.0021167558
0.011252228	0.12934493	0.64204544	0.2173574
0.16778074	0.3383467	0.31060606	0.18326649
0.043114975	0.9080882	0.026737968	0.022058824
0.02161319	0.05135918	0.5095811	0.41744652
0.2557932	0.6307932	0.08946078	0.023952764
0.2077763	0.026069518	0.6614305	0.10472371
0.0407754	0.006127451	0.89148843	0.061608735

MOTIF 0_17
letter-probability matrix: alength= 4 w= 12
0.09905118	0.8353939	0.035940196	0.02961472
0.004600345	0.04212191	0.80434155	0.14893617
0.24755606	0.0050316276	0.008913169	0.73849916
0.20069005	0.566705	0.056497987	0.17610696
0.38384128	0.22786084	0.38686025	0.0014376078
0.0007188039	0.42395055	0.5188327	0.056497987
0.13470386	0.19479586	0.03680276	0.6336975
0.09588844	0.31914893	0.26825762	0.316705
0.09085681	0.2788959	0.6062392	0.02400805
0.03824037	0.7645198	0.18818286	0.0090569295
0.004025302	0.30851063	0.68128234	0.0061817137
0.04974123	0.07576193	0.40813687	0.46635997

MOTIF 0_18
letter-probability matrix: alength= 4 w= 12
0.112295434	0.5627692	0.09776055	0.22717485
0.041881997	0.26076657	0.6481481	0.049203273
0.09485357	0.0629845	0.52153313	0.32062876
0.3555125	0.6029285	0.0011843238	0.040374678
0.014211887	0.25236866	0.6812016	0.052217916
0.28983635	0.043281652	0.13695091	0.52993107
0.49246338	0.48632646	0.012166236	0.009043927
0.12112403	0.11940138	0.5106589	0.24881567
0.055555556	0.94024545	0.0020456503	0.002153316
0.0024763136	0.53951335	0.44573644	0.012273902
0.017657192	0.4631783	0.38641256	0.13275194
0.025086133	0.06363049	0.17678726	0.7344961

MOTIF 0_21
letter-probability matrix: alength= 4 w= 12
0.15904851	0.24179104	0.029757462	0.569403
0.5334888	0.0056902985	0.040298507	0.4205224
0.9577425	0.006063433	0.026212687	0.0099813435
0.14785448	0.6294776	0.051958956	0.17070895
0.6175373	0.10317164	0.24757463	0.031716418
0.06455224	0.26828358	0.1472015	0.51996267
0.74934703	0.15643656	0.0022388059	0.09197761
0.1988806	0.3068097	0.26791045	0.22639926
0.55951494	0.27173507	0.12910448	0.039645523
0.10718284	0.5363806	0.31380597	0.042630598
0.5740672	0.0063432837	0.24804105	0.1715485
0.6553172	0.2266791	0.013526119	0.104477614

MOTIF 0_22
letter-probability matrix: alength= 4 w= 12
0.010044313	0.79704577	0.08522895	0.10768095
0.0774003	0.23042837	0.5830133	0.10915805
0.06514032	0.62614477	0.094387	0.21432792
0.0017725258	0.20310192	0.6451994	0.14992614
0.2732644	0.0971935	0.022895126	0.60664696
0.08109306	0.19985229	0.57134414	0.14771049
0.9169867	0.037075333	0.03677991	0.009158051
0.0023633677	0.68242246	0.18138848	0.1338257
0.016248154	0.034564253	0.7441654	0.20502216
0.06838995	0.26233384	0.1140325	0.55524373
0.089069426	0.80147713	0.042245198	0.067208275
0.2757755	0.34682423	0.3744461	0.0029542097

MOTIF 0_24
letter-probability matrix: alength= 4 w= 12
0.25819075	0.13899139	0.4379962	0.16482165
0.07838533	0.24611428	0.6165716	0.058928773
0.038242202	0.26803085	0.6864587	0.0072682546
0.018562004	0.32002684	0.56043833	0.10097283
0.014648329	0.8651459	0.11942301	0.0007827351
0.009951917	0.39595214	0.37727833	0.21681762
0.011741026	0.12590854	0.15386336	0.7084871
0.011070111	0.07737896	0.20865482	0.7028961
0.09784189	0.49748406	0.06049424	0.3441798
0.31387678	0.16370346	0.40579224	0.11662753
0.04338589	0.9495695	0.003690037	0.003354579
0.03499944	0.05881695	0.84311754	0.06306609

MOTIF 0_31
letter-probability matrix: alength= 4 w= 12
0.019294377	0.8669607	0.09114296	0.022601984
0.006431459	0.0034913635	0.98768836	0.0023888277
0.029400956	0.7881294	0.17401691	0.008452775
0.2649761	0.2508269	0.43311283	0.05108416
0.15325248	0.12036016	0.13377436	0.592613
0.13487688	0.07258361	0.65913266	0.13340683
0.0033076075	0.97684675	0.0025725835	0.017273061
0.13469313	0.01231165	0.6712606	0.18173465
0.17273061	0.68393975	0.055494305	0.08783536
0.61797136	0.14002205	0.12366777	0.118338846
0.12256523	0.2918045	0.44726205	0.13836825
0.36383682	0.026828373	0.01782433	0.5915105

MOTIF 0_32
letter-probability matrix: alength= 4 w= 12
0.14735132	0.47706515	0.2038766	0.17170691
0.009742237	0.0137000205	0.87527907	0.10127867
0.14775726	0.44347474	0.13953725	0.26923078
0.036431905	0.24791963	0.69525063	0.020397808
0.62735945	0.12624314	0.022325959	0.22407144
0.08077938	0.16876395	0.52973413	0.22072256
0.77592856	0.12644611	0.077329	0.020296326
0.06748529	0.2298559	0.67657804	0.02608078
0.006088898	0.106555715	0.12482241	0.762533
0.06910899	0.24487518	0.0118733505	0.6741425
0.048914146	0.8064745	0.08250456	0.06210676
0.020093363	0.55155265	0.15333875	0.27501523

MOTIF 0_36
letter-probability matrix: alength= 4 w= 12
0.66624576	0.08574315	0.0795555	0.16845562
0.29473418	0.32074755	0.19080693	0.19371133
0.08586943	0.6359389	0.25546154	0.022730142
0.21126404	0.70716	0.064023234	0.01755272
0.022225028	0.016163656	0.9289052	0.03270615
0.07298902	0.04962748	0.85831547	0.019068064
0.9378709	0.009849728	0.037757292	0.014522036
0.7446647	0.09496149	0.032453593	0.1279202
0.44462684	0.06920066	0.45586565	0.030306857
0.12160626	0.37580502	0.01666877	0.48591995
0.25091553	0.025887107	0.6077788	0.11541861
0.17098118	0.32339942	0.41040537	0.09521404

MOTIF 0_37
letter-probability matrix: alength= 4 w= 12
0.2825905	0.41402796	0.016847892	0.28653362
0.07002031	0.11423109	0.7875493	0.028199308
0.16453579	0.0068108495	0.7507468	0.07790656
0.13454415	0.12725535	0.73748356	0.00071693154
0.15354283	0.035010155	0.6708089	0.14063807
0.0010753972	0.08423945	0.053889353	0.8607958
0.0017923288	0.8573306	0.00047795437	0.1403991
0.09344008	0.14828534	0.73999286	0.018281754
0.43625283	0.40267655	0.14171347	0.019357152
0.030111125	0.34400764	0.48249492	0.1433863
0.015533516	0.10252121	0.36085555	0.52108973
0.086270764	0.13167642	0.39120564	0.39084718

MOTIF 0_40
letter-probability matrix: alength= 4 w= 12
0.007821583	0.049360532	0.8280309	0.11478702
0.41581228	0.5625198	0.019236866	0.0024310327
0.0013740619	0.0064475215	0.96575415	0.026424268
0.22492337	0.112355985	0.17260332	0.4901173
0.21498784	0.51897264	0.23348483	0.032554697
0.6047987	0.07303668	0.28908148	0.03308318
0.016383046	0.41137302	0.1874009	0.38484305
0.1765141	0.4799704	0.317514	0.02600148
0.502801	0.36951697	0.1264137	0.0012683648
0.012049466	0.27428392	0.580594	0.13307261
0.04798647	0.06711764	0.8786598	0.006236127
0.093224816	0.29182962	0.10083501	0.51411057

MOTIF 0_41
letter-probability matrix: alength= 4 w= 12
0.20761015	0.60013354	0.10066756	0.09158879
0.022296395	0.034846462	0.8720961	0.07076102
0.06315087	0.061949264	0.5021362	0.3727637
0.13698265	0.08678237	0.46435246	0.3118825
0.19572763	0.27329773	0.3540721	0.17690253
0.0044058743	0.88624835	0.092523366	0.01682243
0.03271028	0.85447264	0.1070761	0.005740988
0.032309745	0.12937249	0.7311081	0.107209615
0.13925233	0.036448598	0.5400534	0.28424567
0.57957274	0.15367156	0.034846462	0.23190922
0.8495327	0.07396529	0.020026702	0.0564753
0.05954606	0.082910545	0.80080104	0.05674232

MOTIF 0_44
letter-probability matrix: alength= 4 w= 12
0.18453576	0.5232914	0.007288476	0.28488433
0.045209676	0.21073201	0.28150418	0.46255413
0.28847575	0.18802156	0.027146932	0.49635577
0.14281188	0.69420093	0.12950248	0.033484735
0.6443435	0.060103517	0.06242738	0.2331256
0.34995246	0.13003063	0.107108906	0.412908
0.3174184	0.22446392	0.31900287	0.13911483
0.8368015	0.03950565	0.053554453	0.07013837
0.39315516	0.37308547	0.05461075	0.17914861
0.006654695	0.0105630085	0.98257107	0.00021126017
0.11101722	0.021126017	0.007605366	0.8602514
0.24939263	0.040033802	0.23027357	0.48029998

MOTIF 0_47
letter-probability matrix: alength= 4 w= 12
0.16026397	0.046075888	0.24074946	0.5529107
0.005538534	0.4040773	0.45569173	0.13469243
0.011784115	0.9784351	0.007895357	0.0018854584
0.13893472	0.15024747	0.70798963	0.0028281875
0.054560453	0.1351638	0.07400424	0.7362715
0.05632807	0.84810275	0.010723544	0.084845625
0.12821117	0.18112184	0.54749	0.143177
0.0035352346	0.95463115	0.028871082	0.012962527
0.083431534	0.63186425	0.19031346	0.094390765
0.21482442	0.25265142	0.4899835	0.042540655
0.0286354	0.24994108	0.49092624	0.23049729
0.07871789	0.061866604	0.54749	0.31192553

MOTIF 0_49
letter-probability matrix: alength= 4 w= 12
0.007151371	0.9283779	0.056669194	0.0078014955
0.038465705	0.64394844	0.2811789	0.03640698
0.15873876	0.0019503739	0.8361686	0.0031422689
0.18019287	0.758262	0.001083541	0.06046159
0.0076931412	0.8628237	0.12850796	0.00097518694
0.3849821	0.16979088	0.23458663	0.21064037
0.09437642	0.507964	0.119406216	0.27825335
0.020803988	0.1137718	0.8529635	0.012460722
0.13284212	0.0034673312	0.49723697	0.36645356
0.20522267	0.14768665	0.5824033	0.0646874
0.14129375	0.17553364	0.6652942	0.017878426
0.0264384	0.650558	0.15483801	0.16816556

MOTIF 0_51
letter-probability matrix: alength= 4 w= 12
0.09139785	0.45322582	0.23212366	0.22325268
0.16384408	0.20591398	0.3813172	0.24892473
0.0034946236	0.056182794	0.8560484	0.084274195
0.0702957	0.6826613	0.086962365	0.16008064
0.011290323	0.2702957	0.6905914	0.02782258
0.04018817	0.11223118	0.52620965	0.32137096
0.372043	0.39489248	0.07768817	0.15537634
0.041129034	0.009543011	0.9295699	0.019758064
0.026478495	0.6776882	0.12016129	0.17567204
0.0022849462	0.95913976	0.032795697	0.00577957
0.006451613	0.04489247	0.9436828	0.004973118
0.10591398	0.33709678	0.032258064	0.52473116

MOTIF 0_54
letter-probability matrix: alength= 4 w= 12
0.20403643	0.0019689885	0.77085894	0.023135614
0.01107556	0.8634014	0.083435886	0.042087127
0.05463943	0.0012306178	0.9320699	0.012060055
0.020920502	0.94511443	0.019443762	0.01452129
0.5852818	0.18459266	0.1671179	0.06300763
0.032242186	0.1326606	0.35712528	0.47797194
0.05488555	0.062023137	0.84494215	0.038149152
0.010583313	0.95052916	0.0012306178	0.037656903
0.0024612355	0.022397242	0.93551564	0.03962589
0.0004922471	0.8801378	0.024612356	0.09475757
0.428255	0.13905981	0.35072607	0.08195914
0.17204036	0.1252769	0.62564605	0.07703667

MOTIF 0_55
letter-probability matrix: alength= 4 w= 12
0.097234525	0.055801593	0.6780829	0.16888101
0.12902273	0.39809075	0.19978349	0.27310303
0.0011809862	0.055407934	0.7947053	0.14870584
0.041925006	0.07725617	0.7727586	0.10806023
0.5423679	0.43824425	0.011219368	0.008168488
0.18935144	0.5652987	0.22950497	0.015844896
0.0005904931	0.0035429583	0.91034347	0.08552308
0.11012696	0.5715973	0.29672277	0.021552997
0.03897254	0.44464126	0.45586064	0.06052554
0.0131876785	0.7428403	0.17872256	0.06524948
0.065839976	0.038874127	0.8892825	0.0060033463
0.013482925	0.04143293	0.72729063	0.21779352

MOTIF 0_56
letter-probability matrix: alength= 4 w= 12
0.3554484	0.21812922	0.22989392	0.19652845
0.0039537125	0.26277724	0.7105111	0.022757955
0.15747347	0.0487946	0.6469624	0.14676952
0.036451302	0.66991323	0.043201543	0.25043395
0.0068466733	0.079942144	0.063066535	0.8501446
0.011378977	0.009836066	0.35091612	0.62786883
0.015525554	0.77994215	0.039826423	0.16470589
0.0707811	0.7337512	0.010318225	0.18514948
0.023529412	0.105593055	0.6243009	0.24657667
0.1554484	0.0050144647	0.79903567	0.040501446
0.06441659	0.012632594	0.78852457	0.13442624
0.57377046	0.18322083	0.17299904	0.07000964

MOTIF 0_57
letter-probability matrix: alength= 4 w= 12
0.29466954	0.37560573	0.068254456	0.26147026
0.05979998	0.07763687	0.85936695	0.0031962057
0.13197237	0.20094855	0.23919992	0.42787915
0.06763584	0.3927209	0.22703372	0.31260955
0.6275905	0.048252396	0.09351479	0.23064233
0.04041654	0.75378907	0.03175585	0.17403856
0.021033097	0.009485514	0.11454789	0.8549335
0.019486545	0.0063924114	0.09227756	0.8818435
0.3047737	0.6376946	0.010001031	0.047530673
0.2115682	0.717806	0.019692753	0.050933085
0.06320239	0.07052273	0.28497782	0.58129704
0.12599237	0.40375295	0.055882048	0.41437262

MOTIF 0_59
letter-probability matrix: alength= 4 w= 12
0.40857545	0.2251863	0.35111782	0.015120423
0.19062534	0.009720272	0.2926882	0.5069662
0.18479317	0.09536667	0.0030240847	0.71681607
0.36872232	0.031968895	0.57684416	0.02246463
0.572632	0.008316233	0.4141916	0.004860136
0.3398855	0.3033805	0.17204882	0.18468517
0.16718867	0.17572092	0.49076575	0.16632466
0.25467113	0.036937036	0.6722108	0.036181014
0.04492926	0.72264826	0.06274976	0.16967276
0.0642618	0.04892537	0.83475536	0.052057456
0.027756777	0.088346474	0.035857003	0.84803975
0.37736258	0.04428124	0.48720163	0.09115455

MOTIF 0_60
letter-probability matrix: alength= 4 w= 12
0.43654495	0.07986167	0.28864405	0.19494933
0.01680875	0.8189641	0.03208943	0.13213769
0.3768699	0.27239826	0.22792344	0.12280843
0.005790574	0.01648705	0.938636	0.039086375
0.033295803	0.14693582	0.43421265	0.38555574
0.0329741	0.8118868	0.10591926	0.04921988
0.26620558	0.030561363	0.6372849	0.0659482
0.049943704	0.7353225	0.14275374	0.07198005
0.07045199	0.43992278	0.2884832	0.20114203
0.007881615	0.32990187	0.23186424	0.43035227
0.039971046	0.14074312	0.59224707	0.22703877
0.03273283	0.010133505	0.92488337	0.03225028

MOTIF 0_61
letter-probability matrix: alength= 4 w= 12
0.24963243	0.09357278	0.6268641	0.029930687
0.04032766	0.016698172	0.09714346	0.8458307
0.12371351	0.3584331	0.46009243	0.057760976
0.46880907	0.0031505986	0.19838269	0.32965764
0.029615628	0.78292376	0.06700273	0.12045789
0.09829868	0.16750683	0.7231674	0.011027095
0.17590842	0.0038857383	0.14702794	0.6731779
0.5070363	0.17412308	0.29132536	0.027515227
0.6800042	0.032136105	0.27987817	0.007981516
0.1836799	0.61615205	0.037912205	0.16225582
0.22453266	0.5298257	0.15847512	0.08716656
0.07582441	0.41230834	0.45757195	0.054295316

MOTIF 0_62
letter-probability matrix: alength= 4 w= 12
0.012674743	0.6863001	0.25237653	0.048648648
0.19515377	0.3831314	0.2891892	0.13252562
0.017148182	0.0066169617	0.0694315	0.90680337
0.21957129	0.24762349	0.17045666	0.36234856
0.37958995	0.01248835	0.11537745	0.49254426
0.5236719	0.2164026	0.046225537	0.2136999
0.15936626	0.038117427	0.5089469	0.29356945
0.20913327	0.23150046	0.024231128	0.53513515
0.021808015	0.012861137	0.6414725	0.32385835
0.79832244	0.0042870454	0.026840635	0.17054985
0.081267476	0.48471576	0.41164958	0.022367194
0.055172414	0.08564772	0.621342	0.23783784

MOTIF 0_63
letter-probability matrix: alength= 4 w= 12
0.023966543	0.8950458	0.059996784	0.020990832
0.07608171	0.03723661	0.8791218	0.0075599165
0.05629725	0.8210552	0.10278269	0.019864887
0.19052598	0.2930674	0.40180153	0.114605114
0.11050346	0.4876146	0.11372045	0.2881615
0.017854271	0.11219238	0.5891105	0.28084284
0.0280682	0.82620233	0.092970885	0.052758567
0.0070773684	0.10632138	0.8459064	0.04069487
0.074392796	0.70934534	0.14267331	0.07358855
0.097957216	0.5607206	0.15184173	0.18948045
0.07777063	0.4372688	0.42512465	0.059835933
0.33480778	0.26869872	0.25285506	0.14363842

MOTIF 0_65
letter-probability matrix: alength= 4 w= 12
0.0102739725	0.24764554	0.48983306	0.25224742
0.020654965	0.63366866	0.32041952	0.02525685
0.0013912672	0.64394265	0.19488442	0.15978168
0.13324058	0.0112371575	0.66952056	0.18600172
0.18054366	0.39758134	0.21489726	0.20697774
0.2634846	0.6338827	0.07416524	0.028467465
0.0018193494	0.0390625	0.73062927	0.22848886
0.07095462	0.17947346	0.35306078	0.39651114
0.21907106	0.12457192	0.08058647	0.57577056
0.07566353	0.90678513	0.01551798	0.0020333903
0.0011772261	0.10787671	0.83679366	0.054152396
0.0050299657	0.021083048	0.60819775	0.36568922

MOTIF 0_66
letter-probability matrix: alength= 4 w= 12
0.01794734	0.24922085	0.020849006	0.7119828
0.43439013	0.24019344	0.18355723	0.14185922
0.006340677	0.9248791	0.06286942	0.005910801
0.3620634	0.061902203	0.5708759	0.005158517
0.38044062	0.37195057	0.229554	0.01805481
0.34562063	0.15120903	0.13068242	0.3724879
0.09188608	0.03116604	0.2706072	0.6063407
0.13799033	0.009134874	0.6231059	0.22976895
0.45588392	0.3450833	0.10231058	0.09672219
0.021708759	0.018269747	0.88404083	0.075980656
0.08640516	0.7794734	0.12401935	0.010102096
0.46792048	0.03557227	0.11735626	0.379151

MOTIF 0_69
letter-probability matrix: alength= 4 w= 12
0.06144113	0.37647438	0.43544927	0.12663521
0.23321895	0.56380016	0.1882908	0.014690113
0.18207163	0.118807636	0.66384304	0.035277717
0.0032168133	0.32135963	0.66352135	0.011902208
0.051469013	0.89738363	0.020051468	0.03109586
0.010508256	0.41078705	0.5372078	0.04149689
0.032704268	0.107763246	0.20791335	0.65161914
0.3623204	0.014582886	0.18400171	0.439095
0.8065623	0.09007077	0.08395883	0.019408107
0.42183143	0.09468154	0.4117521	0.071734935
0.05382801	0.39116448	0.5530774	0.0019300879
0.24726571	0.017370792	0.67853314	0.056830365

MOTIF 0_72
letter-probability matrix: alength= 4 w= 12
0.29141977	0.3442759	0.14150272	0.22280161
0.28312397	0.6637829	0.005807063	0.047286086
0.035197914	0.008177293	0.92972267	0.02690211
0.109504625	0.20324722	0.66034603	0.02690211
0.13877696	0.47060916	0.03638303	0.35423085
0.13794738	0.7032472	0.034723867	0.12408154
0.037805166	0.13332543	0.07383266	0.7550367
0.004147902	0.24354112	0.58283955	0.16947144
0.08106186	0.18298174	0.7156909	0.020265466
0.072292015	0.6018014	0.10974164	0.21616496
0.010666034	0.06826262	0.91976774	0.0013036265
0.4966817	0.022517184	0.42296752	0.05783361

MOTIF 0_73
letter-probability matrix: alength= 4 w= 12
0.06420878	0.53200084	0.22265948	0.1811309
0.0063173156	0.0061101904	0.9692419	0.018330572
0.09009942	0.45898923	0.3511806	0.09973074
0.08554267	0.2087821	0.20018642	0.5054888
0.0100455675	0.014084507	0.17336372	0.8025062
0.018123446	0.5816073	0.14509113	0.25517812
0.07756835	0.66932476	0.028272577	0.2248343
0.022162385	0.028893951	0.71872413	0.23021956
0.14902651	0.523198	0.07435791	0.25341755
0.22752693	0.5069387	0.114954434	0.15057994
0.6311102	0.14695527	0.033864953	0.1880696
0.0047638775	0.08813173	0.06172328	0.8453811

MOTIF 0_75
letter-probability matrix: alength= 4 w= 12
0.11166531	0.0047842017	0.3270562	0.5564943
0.15645358	0.3991246	0.3077158	0.13670602
0.059548046	0.07970277	0.77341205	0.087337136
0.010993485	0.69778097	0.13813111	0.15309446
0.05720684	0.11095277	0.8235953	0.008245114
0.305171	0.019238599	0.63629884	0.03929153
0.1755904	0.036950327	0.78125	0.0062092836
0.33133143	0.013843648	0.53918976	0.11563518
0.055679966	0.77341205	0.001526873	0.16938111
0.004377036	0.56667346	0.41490227	0.0140472315
0.0036644952	0.029010586	0.7802321	0.18709284
0.087540716	0.05853013	0.4710912	0.38283795

MOTIF 0_77
letter-probability matrix: alength= 4 w= 12
0.2110845	0.35591286	0.20754932	0.2254533
0.20127723	0.7937051	0.0022807617	0.0027369142
0.004333447	0.25316456	0.6999658	0.042536207
0.07321245	0.0067282473	0.4140723	0.505987
0.7315543	0.07594936	0.16546927	0.027027028
0.87740904	0.04128179	0.05200137	0.029307788
0.011403809	0.5829627	0.36389554	0.04173794
0.16638157	0.21040027	0.077659935	0.5455582
0.12726651	0.57714677	0.2619455	0.033641238
0.015737256	0.347246	0.55650586	0.08051089
0.4487399	0.04595735	0.43756413	0.06773862
0.115064435	0.2685597	0.11175733	0.5046185

MOTIF 0_78
letter-probability matrix: alength= 4 w= 12
0.15901731	0.040312674	0.28386375	0.51680624
0.023450587	0.28565046	0.6568397	0.034059186
0.04310441	0.08933557	0.57744277	0.29011726
0.18671134	0.46353993	0.20792854	0.1418202
0.017532105	0.33333334	0.6438861	0.0052484646
0.00837521	0.00055834727	0.72227806	0.2687884
0.2387493	0.71066445	0.043662757	0.0069235065
0.040536013	0.2376326	0.2684534	0.453378
0.0027917365	0.01038526	0.53847015	0.44835287
0.09179229	0.83350086	0.026577331	0.048129536
0.002233389	0.70876604	0.052261308	0.23673925
0.0010050251	0.0007816862	0.9877164	0.010496929

MOTIF 0_80
letter-probability matrix: alength= 4 w= 12
0.599588	0.010191912	0.09357042	0.2966497
0.038382307	0.076547764	0.008890816	0.8761791
0.009649789	0.005638079	0.43727636	0.54743576
0.48183888	0.16339585	0.31855145	0.03621381
0.20774151	0.7103979	0.066681124	0.015179442
0.071777076	0.12447143	0.79605335	0.007698146
0.008457118	0.019082729	0.46796054	0.5044996
0.23419711	0.5516643	0.02363656	0.190502
0.20600672	0.27182046	0.14116882	0.381004
0.20904261	0.33709204	0.42177165	0.032093678
0.30760056	0.55578446	0.12869999	0.007914995
0.20004337	0.27106148	0.52141386	0.0074812965

MOTIF 0_81
letter-probability matrix: alength= 4 w= 12
0.01960386	0.4951752	0.16333164	0.32188928
0.034027424	0.04174708	0.023158964	0.90106654
0.017166074	0.071711525	0.05657694	0.8545455
0.005485018	0.9594718	0.027018791	0.008024378
0.08704926	0.8603352	0.050482478	0.0021330626
0.03138649	0.26175722	0.48044693	0.22640935
0.17074656	0.14342305	0.60385984	0.08197054
0.17470798	0.01777552	0.23026918	0.5772473
0.3183342	0.17958355	0.14362621	0.35845608
0.36759776	0.061452515	0.24814627	0.32280347
0.03484002	0.3369223	0.26795328	0.36028442
0.031894363	0.09984764	0.69781613	0.17044185

MOTIF 0_82
letter-probability matrix: alength= 4 w= 12
0.3222652	0.64646465	0.006017623	0.025252525
0.03159252	0.037717603	0.77853	0.1521599
0.25295508	0.54362774	0.1749409	0.028476251
0.1769826	0.37427467	0.096067056	0.3526757
0.021276595	0.0022566086	0.52514505	0.45132172
0.031485062	0.53932947	0.35095638	0.0782291
0.012035246	0.86299163	0.109284334	0.015688803
0.35460994	0.013109822	0.57210404	0.06017623
0.20287986	0.12980872	0.06597894	0.6013325
0.5731786	0.21093918	0.13421449	0.08166774
0.3878143	0.10541586	0.2014829	0.3052869
0.16924565	0.05050505	0.01934236	0.76090693

MOTIF 0_83
letter-probability matrix: alength= 4 w= 12
0.11422977	0.43491235	0.065180905	0.38567698
0.134185	0.03776576	0.55231255	0.27573666
0.16271913	0.2461768	0.024990676	0.5661134
0.008019396	0.03301007	0.05165983	0.9073107
0.02144722	0.045785155	0.041961953	0.89080566
0.17344275	0.40824318	0.029280119	0.38903394
0.37168968	0.49020886	0.12430064	0.01380082
0.092502795	0.052032825	0.654047	0.20141739
0.03450205	0.38250652	0.3342969	0.24869452
0.039723985	0.22342409	0.22006714	0.5167848
0.04009698	0.013987319	0.098750465	0.8471652
0.040469974	0.21167475	0.010537113	0.73731816

MOTIF 0_84
letter-probability matrix: alength= 4 w= 12
0.118909255	0.11767993	0.6458427	0.11756817
0.52313364	0.02246312	0.01821636	0.43618685
0.5812472	0.039561912	0.031850692	0.3473402
0.04079124	0.11689763	0.69400984	0.1483013
0.44892713	0.0113991955	0.43953955	0.100134104
0.6198033	0.08180599	0.15757711	0.14081359
0.028162718	0.23815377	0.7303308	0.0033527045
0.053308003	0.12974967	0.8133661	0.0035762182
0.045596782	0.75938755	0.18048726	0.014528386
0.07096558	0.18160483	0.74709433	0.00033527045
0.068618685	0.022910148	0.66025925	0.24821189
0.545038	0.11410371	0.299173	0.041685294

MOTIF 0_86
letter-probability matrix: alength= 4 w= 12
0.0033495736	0.90682095	0.003045067	0.08678441
0.19863987	0.15631343	0.590337	0.054709703
0.26187575	0.08891596	0.64829475	0.0009135201
0.051461633	0.0863784	0.58465284	0.2775071
0.034206253	0.20107593	0.25274056	0.51197726
0.016443362	0.95158345	0.0075111655	0.024462039
0.01319529	0.18859115	0.73903775	0.0591758
0.0273041	0.06628096	0.6682907	0.23812424
0.23386115	0.050954122	0.39504668	0.32013804
0.054811206	0.14809176	0.7863378	0.010759236
0.24827446	0.0591758	0.3358709	0.35667884
0.017153878	0.10272026	0.39738125	0.48274463

MOTIF 0_87
letter-probability matrix: alength= 4 w= 12
0.30725402	0.43506527	0.18637048	0.071310245
0.25993976	0.37238955	0.11034136	0.25732931
0.25441766	0.05491968	0.6798193	0.010843374
0.2436747	0.35200804	0.2066265	0.19769077
0.11917671	0.41556224	0.31777108	0.14748996
0.6453815	0.014457831	0.08232932	0.25783134
0.077309236	0.86626506	0.02008032	0.03634538
0.032931726	0.008634538	0.25311244	0.7053213
0.029116467	0.061044175	0.028915662	0.8809237
0.4512048	0.5192771	0.019779116	0.009738956
0.0935743	0.8206827	0.036546186	0.049196787
0.04809237	0.105421685	0.57259035	0.2738956

MOTIF 0_88
letter-probability matrix: alength= 4 w= 12
0.08086287	0.09865018	0.031033177	0.78945374
0.08035827	0.039233003	0.39233002	0.4880787
0.3128548	0.14898448	0.45086414	0.08729658
0.075564526	0.5719692	0.028762458	0.3237038
0.012110508	0.007064463	0.78995836	0.19086666
0.003910685	0.5345023	0.11883436	0.3427526
0.69761574	0.24990539	0.014381229	0.038097642
0.16513182	0.27992937	0.48997098	0.06496783
0.05273117	0.35398006	0.18052226	0.4127665
0.011479753	0.8696859	0.015390438	0.10344393
0.3402296	0.2464993	0.086413525	0.32685757
0.040620662	0.010596694	0.02346411	0.92531854

MOTIF 0_90
letter-probability matrix: alength= 4 w= 12
0.0008574228	0.8467663	0.1423322	0.010044096
0.0012248898	0.09725624	0.72733957	0.17417933
0.025600197	0.34701127	0.5181284	0.109260164
0.08733464	0.05144537	0.8503185	0.010901519
0.15188633	0.015066144	0.72133756	0.111709945
0.17601666	0.4289564	0.02756002	0.36746693
0.05499755	0.12959334	0.6268986	0.18851054
0.36011758	0.18091622	0.4064184	0.05254777
0.0011024008	0.020210681	0.9762371	0.0024497795
0.44928956	0.103380695	0.33157766	0.11575208
0.009676629	0.6396374	0.101298384	0.24938756
0.021190593	0.041401275	0.93018126	0.0072268494

MOTIF 0_91
letter-probability matrix: alength= 4 w= 12
0.14489262	0.45343113	0.078889474	0.3227868
0.1085385	0.08308015	0.5452069	0.26317444
0.6136197	0.20534311	0.003876375	0.17716081
0.32352015	0.04243059	0.63352543	0.0005238345
0.37998953	0.015400734	0.5104243	0.094185434
0.069041386	0.6964903	0.05364065	0.18082766
0.14929283	0.50078577	0.203143	0.14677842
0.17569408	0.61100054	0.091671035	0.121634364
0.008695652	0.64484024	0.33158723	0.014876899
0.044002097	0.021372447	0.8955474	0.039078053
0.0033525405	0.96113145	0.031325303	0.004190676
0.0044002095	0.9205867	0.008905186	0.06610791

MOTIF 0_92
letter-probability matrix: alength= 4 w= 12
0.3143606	0.014255765	0.57190776	0.09947589
0.39413	0.5437107	0.04601677	0.016142558
0.048951782	0.15450734	0.79077566	0.005765199
0.16383648	0.08721174	0.31509435	0.43385744
0.22421384	0.45524108	0.16677149	0.15377359
0.7038784	0.14475891	0.1341719	0.017190775
0.2812369	0.054716982	0.0942348	0.56981134
0.09465409	0.40922433	0.4899371	0.006184486
0.013731657	0.016247379	0.9688679	0.0011530399
0.068134174	0.4730608	0.32851154	0.1302935
0.12075472	0.7769392	0.09150943	0.010796646
0.0029350105	0.14486372	0.6868973	0.16530399

MOTIF 0_93
letter-probability matrix: alength= 4 w= 12
0.17926566	0.12504263	0.049448676	0.64624304
0.20666136	0.6477208	0.04728885	0.09832898
0.012504263	0.013413664	0.5952029	0.37887916
0.33966124	0.4938047	0.15016483	0.016369216
0.030237582	0.06604524	0.83426166	0.0694555
0.2937365	0.5759918	0.01932477	0.110946916
0.005797431	0.0053427303	0.96976244	0.01909742
0.55007386	0.00466068	0.06343071	0.38183472
0.45879278	0.25792885	0.16175969	0.1215187
0.072070025	0.4092304	0.4545868	0.06411277
0.025349552	0.1484597	0.3746732	0.45151755
0.17937933	0.45060816	0.24246903	0.12754348

MOTIF 0_94
letter-probability matrix: alength= 4 w= 12
0.39466497	0.17748372	0.4219702	0.005881117
0.055870615	0.071308546	0.39067423	0.48214662
0.0056710774	0.030665826	0.02341945	0.94024366
0.09178744	0.2694812	0.2715816	0.36714977
0.16719177	0.4046419	0.3800672	0.048099138
0.29773158	0.6430372	0.051039696	0.008191557
0.101974376	0.014912833	0.8657845	0.017328292
0.083280824	0.06952321	0.82503676	0.02215921
0.36168873	0.16656165	0.4573619	0.014387733
0.028985508	0.7990968	0.11856753	0.053350136
0.22558287	0.19806764	0.5298257	0.04652384
0.046943918	0.07929006	0.8268221	0.046943918

MOTIF 0_97
letter-probability matrix: alength= 4 w= 12
0.03042471	0.891583	0.065945946	0.0120463325
0.008185328	0.00030888032	0.99088806	0.00061776064
0.04293436	0.5535135	0.18100385	0.22254826
0.27552125	0.23073359	0.38640925	0.10733591
0.22254826	0.044787645	0.13220078	0.60046333
0.05853282	0.1630888	0.6572973	0.121081084
0.0016988417	0.9388417	0.00077220076	0.05868726
0.14594595	0.0012355213	0.6111197	0.24169885
0.11876448	0.60664093	0.022857143	0.25173745
0.49776062	0.10177606	0.07752896	0.32293436
0.19938225	0.40833977	0.3039382	0.08833977
0.29760617	0.027181467	0.008339768	0.66687256

MOTIF 0_98
letter-probability matrix: alength= 4 w= 12
0.23487508	0.013645029	0.7352263	0.016253637
0.16303803	0.7562958	0.004414568	0.07625163
0.053576805	0.007825825	0.8425805	0.096016854
0.028193036	0.5350657	0.14347346	0.2932678
0.5928564	0.10594963	0.10113374	0.2000602
0.041537073	0.03501555	0.2716966	0.6517508
0.2287549	0.2919635	0.41376543	0.0655162
0.06330892	0.7559948	0.0012039731	0.17949232
0.18430822	0.010334102	0.639711	0.16564663
0.002207284	0.33490518	0.02658774	0.6362998
0.4578108	0.07253938	0.21390589	0.25574395
0.19343835	0.30310023	0.4972409	0.006220528

MOTIF 0_100
letter-probability matrix: alength= 4 w= 12
0.21072017	0.41959873	0.047688283	0.3219928
0.09518271	0.051662304	0.3063875	0.5467675
0.05001454	0.24503247	0.61209655	0.09285645
0.25210816	0.03285839	0.033827662	0.68120575
0.01938548	0.8132209	0.01938548	0.14800814
0.0140544735	0.0051371525	0.26713192	0.71367645
0.0073664826	0.5461859	0.42134342	0.025104197
0.18716681	0.02277794	0.67829794	0.11175729
0.6923524	0.11718523	0.038480178	0.15198216
0.51138896	0.023941068	0.3763691	0.08830086
0.7852089	0.15663467	0.04216342	0.015993021
0.15052825	0.14510033	0.5117767	0.19259475

MOTIF 0_101
letter-probability matrix: alength= 4 w= 12
0.32003987	0.13768694	0.16869392	0.37357926
0.10329013	0.33908275	0.3329013	0.22472583
0.008773679	0.2232303	0.28494516	0.48305085
0.22961117	0.3448654	0.21784645	0.20767696
0.6120638	0.092721835	0.156331	0.13888335
0.022831505	0.49571285	0.044965103	0.43649054
0.079760715	0.0042871386	0.0071784644	0.90877366
0.004785643	0.036889333	0.0063808574	0.9519442
0.09651047	0.84995013	0.01655035	0.036989033
0.14177467	0.8267198	0.01684945	0.0146560315
0.015752742	0.00089730805	0.59970087	0.38364905
0.007876371	0.17427717	0.45912263	0.35872382

MOTIF 0_102
letter-probability matrix: alength= 4 w= 12
0.17153575	0.7387746	0.0730931	0.016596567
0.34045696	0.016823918	0.29635102	0.34636807
0.012163238	0.06240764	0.13390929	0.7915198
0.18756394	0.16789815	0.52029103	0.1242469
0.0118222125	0.078208484	0.84676594	0.063203365
0.046606798	0.8181198	0.070137545	0.065135844
0.024326475	0.14288962	0.82516766	0.0076162326
0.093895644	0.010458111	0.5568944	0.33875185
0.6029328	0.26668182	0.00932136	0.121064
0.47163805	0.21598272	0.13709219	0.17528702
0.012163238	0.112083666	0.5156303	0.36012277
0.35568944	0.13186313	0.3288621	0.18358532

MOTIF 0_103
letter-probability matrix: alength= 4 w= 12
0.040590405	0.14656365	0.70744926	0.10539668
0.27721402	0.45272142	0.21079336	0.059271216
0.04289668	0.66178507	0.23074262	0.06457564
0.06100092	0.03125	0.88607013	0.021678967
0.12915128	0.6553275	0.18150368	0.03401753
0.15751845	0.6277675	0.20398985	0.01072417
0.20802583	0.03482472	0.7271679	0.02998155
0.021102399	0.6133533	0.058233395	0.30731088
0.043011993	0.82898986	0.09178967	0.036208488
0.5870618	0.010839484	0.20560424	0.19649446
0.121194646	0.025369003	0.020064576	0.83337176
0.063307196	0.10574262	0.37130997	0.45964023

MOTIF 0_105
letter-probability matrix: alength= 4 w= 12
0.12703003	0.6101224	0.15016685	0.112680756
0.6679644	0.049610678	0.26785317	0.014571747
0.6849833	0.14460512	0.11112347	0.0592881
0.28420466	0.30823135	0.3374861	0.07007787
0.9458287	0.030367075	0.019243604	0.004560623
0.037263628	0.062291436	0.14338154	0.7570634
0.11190211	0.019466074	0.82525027	0.043381535
0.13370411	0.06006674	0.772525	0.033704117
0.027030034	0.8948832	0.031590655	0.04649611
0.084204674	0.21523915	0.48120132	0.21935484
0.06952169	0.12224694	0.64571744	0.16251391
0.17619577	0.518465	0.24126807	0.06407119

MOTIF 0_106
letter-probability matrix: alength= 4 w= 12
0.4078018	0.15110414	0.17845532	0.26263872
0.07061989	0.46541867	0.26263872	0.20132272
0.0029144716	0.7262639	0.23943505	0.031386618
0.19313978	0.37316445	0.274745	0.15895079
0.2997422	0.0839592	0.1858536	0.43044502
0.0014572358	0.12790047	0.051563725	0.81907856
0.024212532	0.1543549	0.29133505	0.53009754
0.1905616	0.4673243	0.33213764	0.00997646
0.06232485	0.8071965	0.111646675	0.01883197
0.17273848	0.046071067	0.748795	0.03239547
0.005828943	0.004595897	0.9546015	0.03497366
0.8541643	0.06624818	0.01726264	0.06232485

MOTIF 0_107
letter-probability matrix: alength= 4 w= 12
0.12451997	0.43183565	0.4204109	0.023233486
0.0390745	0.61155915	0.12960829	0.21975806
0.021313364	0.32459676	0.027457757	0.6266321
0.00921659	0.19431643	0.054147467	0.7423195
0.043490782	0.20055683	0.07555684	0.68039554
0.46015745	0.42425114	0.034946237	0.08064516
0.016321044	0.14448924	0.83659756	0.002592166
0.22523041	0.5424347	0.21370968	0.018625192
0.008736559	0.019201228	0.7514401	0.22062212
0.19364439	0.040418588	0.033698156	0.7322389
0.09667819	0.45420507	0.17751536	0.27160138
0.41321045	0.21370968	0.34245393	0.03062596

MOTIF 0_108
letter-probability matrix: alength= 4 w= 12
0.40388182	0.023117814	0.0059339846	0.5670664
0.33217952	0.063295834	0.38842872	0.21609594
0.32785264	0.15156385	0.49870193	0.021881567
0.18556064	0.63703793	0.079243414	0.098157994
0.044010386	0.0030906168	0.8687106	0.0841884
0.056990974	0.22536778	0.1672642	0.5503771
0.16751143	0.6678205	0.09247126	0.07219681
0.37965137	0.029546298	0.52664113	0.064161204
0.07219681	0.17579429	0.0074174805	0.7445914
0.025590308	0.65409815	0.31301767	0.007293856
0.3190753	0.11682532	0.110149585	0.4539498
0.16244282	0.05080974	0.06193596	0.7248115

MOTIF 0_109
letter-probability matrix: alength= 4 w= 12
0.19807318	0.5765569	0.028099552	0.19727033
0.05757541	0.0011469205	0.6631494	0.27812824
0.1025347	0.40153688	0.4256222	0.07030623
0.2598922	0.37343732	0.32561073	0.041059755
0.02179149	0.00091753644	0.832779	0.14451198
0.028328937	0.18350728	0.03234316	0.75582063
0.01789196	0.1817869	0.007110907	0.7932102
0.11641243	0.09932332	0.045647435	0.7386168
0.017547883	0.59949535	0.34992546	0.03303131
0.11228352	0.8679894	0.013877738	0.005849295
0.25610736	0.06881523	0.54432845	0.13074894
0.13212524	0.077417135	0.71200824	0.07844936

MOTIF 0_110
letter-probability matrix: alength= 4 w= 12
0.42590857	0.16940211	0.36447832	0.04021102
0.5486518	0.22215709	0.019695193	0.2094959
0.22438453	0.45545134	0.15181711	0.16834702
0.023563892	0.328136	0.52672917	0.12157092
0.25369284	0.49812427	0.1834701	0.06471278
0.017467761	0.0014067995	0.9158265	0.065298945
0.01887456	0.051699884	0.92368114	0.0057444316
0.84525204	0.02919109	0.017233294	0.10832357
0.77467763	0.16060962	0.004103165	0.060609613
0.084759675	0.007737397	0.8783118	0.02919109
