MEME version 4

ALPHABET= ACGT

strands: + -

MOTIF 0_1
letter-probability matrix: alength= 4 w= 12
0.013354595	0.72493523	0.24476779	0.016942397
0.009168826	0.021327486	0.94199723	0.027506478
0.14530596	0.07434722	0.7747658	0.0055810246
0.818816	0.024516644	0.10623879	0.050428543
0.784134	0.039864462	0.05620889	0.11979271
0.015746461	0.26410204	0.70898944	0.011162049
0.47657964	0.38927647	0.08610723	0.048036676
0.022722743	0.3860873	0.55969703	0.031492922
0.1618497	0.033087503	0.6699223	0.13514052
0.14909308	0.5897947	0.23101455	0.030097667
0.022124777	0.8532988	0.11919474	0.005381702
0.09966115	0.13374527	0.73151284	0.035080727

MOTIF 0_2
letter-probability matrix: alength= 4 w= 12
0.021870729	0.7984769	0.14528413	0.034368288
0.08045304	0.26244873	0.6451865	0.011911736
0.091193125	0.022847101	0.17477055	0.7111892
0.673306	0.14333138	0.006053505	0.17730913
0.020503808	0.05643429	0.016598321	0.90646356
0.073618434	0.09451279	0.33274752	0.49912128
0.57625467	0.03983597	0.091193125	0.29271626
0.3130248	0.31946886	0.20367116	0.16383518
0.046865847	0.019527435	0.9273579	0.0062487796
0.36906853	0.037492678	0.3311853	0.26225346
0.36203867	0.112673305	0.5079086	0.017379418
0.38410467	0.26694006	0.328842	0.02011326

MOTIF 0_3
letter-probability matrix: alength= 4 w= 12
0.0	0.19343066	0.8029197	0.003649635
0.003649635	0.01459854	0.84671533	0.1350365
0.0	0.95620435	0.04379562	0.0
0.018248174	0.5729927	0.3759124	0.032846715
0.00729927	0.0	0.01459854	0.9781022
0.03649635	0.7591241	0.20437956	0.0
0.9489051	0.003649635	0.040145986	0.00729927
0.47445256	0.20072992	0.310219	0.01459854
0.091240875	0.8211679	0.062043797	0.025547445
0.003649635	0.72262776	0.05839416	0.21532847
0.23357664	0.14233577	0.5693431	0.054744527
1.0	0.0	0.0	0.0

MOTIF 0_4
letter-probability matrix: alength= 4 w= 12
0.62905246	0.0050152247	0.32760164	0.038330648
0.86154395	0.022926742	0.10281211	0.012717177
0.4889844	0.46444565	0.035464805	0.011105141
0.57567614	0.0068063764	0.022926742	0.39459074
0.5018807	0.0023284971	0.4732223	0.02256851
0.12735088	0.7816586	0.08293033	0.008060182
0.4449221	0.3462296	0.2065198	0.0023284971
0.10191653	0.029554004	0.70553464	0.1629948
0.86548454	0.08167652	0.024180548	0.028658427
0.22317751	0.1429339	0.1900412	0.4438474
0.05230163	0.32043704	0.4531614	0.17409995
0.07684041	0.8130038	0.028300198	0.08185563

MOTIF 0_7
letter-probability matrix: alength= 4 w= 12
0.6237907	0.11521548	0.14138083	0.119613014
0.21064204	0.43601584	0.35092348	0.0024186457
0.35729992	0.116314866	0.4828496	0.04353562
0.63566405	0.21262093	0.08135444	0.0703606
0.042656112	0.20096746	0.7022867	0.05408971
0.45492524	0.16512753	0.33091468	0.049032543
0.8058487	0.106420405	0.079155676	0.008575198
0.19569041	0.0969657	0.07453826	0.63280565
0.39511874	0.33487248	0.0098944595	0.26011434
0.883905	0.022427442	0.013412489	0.080255054
0.11455585	0.7843008	0.031002639	0.07014072
0.0026385225	0.043755498	0.9259015	0.027704485

MOTIF 0_8
letter-probability matrix: alength= 4 w= 12
0.028686356	0.5617656	0.32137185	0.08817614
0.251085	0.5525564	0.11866201	0.07769662
0.011643908	0.05599661	0.89679265	0.035566848
0.10193712	0.75526625	0.1385625	0.004234148
0.11188737	0.65819836	0.21964645	0.01026781
0.03334392	0.6599979	0.2753255	0.031332698
0.0067746374	0.0033873187	0.71334815	0.27648988
0.816238	0.08701175	0.03757807	0.059172224
0.1271303	0.73430717	0.10416005	0.034402456
0.015560496	0.3432836	0.22790304	0.4132529
0.004445856	0.7692389	0.094633214	0.13168201
0.035249285	0.14724252	0.6669842	0.15052398

MOTIF 0_11
letter-probability matrix: alength= 4 w= 12
0.20704739	0.4291616	0.20461725	0.15917376
0.13827461	0.028675577	0.7799514	0.05309842
0.5896719	0.013365735	0.060388822	0.3365735
0.2910085	0.110085055	0.017739976	0.58116645
0.0018226003	0.03256379	0.9565006	0.009113002
0.09623329	0.18201701	0.6215067	0.10024302
0.009113002	0.799514	0.068651274	0.12272175
0.03329283	0.0030376671	0.9526124	0.011057108
0.14216281	0.0044957474	0.56257594	0.2907655
0.20668286	0.23948967	0.14313488	0.4106926
0.01761847	0.12211422	0.7145808	0.1456865
0.048481166	0.24993925	0.6126367	0.08894289

MOTIF 0_13
letter-probability matrix: alength= 4 w= 12
0.012393732	0.1700297	0.8012906	0.016285978
0.006555362	0.4011062	0.59069955	0.0016388405
0.026016593	0.39885283	0.34354195	0.23158865
0.1643962	0.021100072	0.0070674997	0.8074362
0.20260166	0.07692308	0.21960463	0.50087065
0.5423538	0.039229743	0.41657278	0.0018436955
0.04066373	0.5297552	0.3734508	0.056130286
0.0031752535	0.0011267029	0.94899106	0.046706956
0.098228	0.11748438	0.62183756	0.16245006
0.011779166	0.8387791	0.1447301	0.0047116666
0.1495442	0.17863362	0.55444026	0.11738195
0.19870941	0.27737376	0.33923998	0.18467684

MOTIF 0_15
letter-probability matrix: alength= 4 w= 12
0.08610771	0.65226823	0.08384419	0.17777987
0.006790531	0.2451193	0.2553051	0.49278507
0.108554184	0.13665944	0.11393002	0.6408564
0.006413279	0.1269452	0.29444498	0.57219654
0.023012355	0.88078845	0.023578232	0.07262096
0.46515137	0.3260398	0.121569365	0.08723946
0.8777704	0.01839102	0.085258886	0.018579647
0.04527021	0.15231538	0.5617278	0.2406866
0.8025087	0.023955485	0.074412905	0.09912289
0.6965953	0.15957747	0.06941432	0.074412905
0.15382439	0.11779685	0.20447043	0.5239083
0.5556918	0.164859	0.16438743	0.115061775

MOTIF 0_19
letter-probability matrix: alength= 4 w= 12
0.22194935	0.46354565	0.27106676	0.04343822
0.39247888	0.3313891	0.23392172	0.042210285
0.13952418	0.42993093	0.40153491	0.029009977
0.04205679	0.8334612	0.1200307	0.0044512665
0.00092095166	0.0044512665	0.9320031	0.062624715
0.15487337	0.067075975	0.7634689	0.014581734
0.8420568	0.13123561	0.009363009	0.01734459
0.9120491	0.0032233307	0.045587108	0.039140444
0.009823484	0.22609363	0.68089026	0.08319263
0.10575595	0.35257098	0.0062931697	0.5353799
0.39524174	0.21366078	0.38618574	0.004911742
0.38204145	0.5166539	0.076132	0.025172679

MOTIF 0_22
letter-probability matrix: alength= 4 w= 12
0.37978864	0.38375166	0.19299868	0.043461032
0.16010568	0.23923382	0.33989432	0.26076618
0.0034346103	0.0025099076	0.95416117	0.03989432
0.025231175	0.6869221	0.26050198	0.027344782
0.031571995	0.94782037	0.01638045	0.0042272126
0.021532364	0.84531045	0.028665787	0.10449141
0.041347425	0.44121534	0.18639366	0.3310436
0.35719946	0.061822984	0.035402905	0.54557467
0.61822987	0.2653897	0.027212681	0.089167766
0.01003963	0.12853369	0.8562748	0.0051519154
0.00079260237	0.10264201	0.77463675	0.12192866
0.2018494	0.18652576	0.50607663	0.10554822

MOTIF 0_26
letter-probability matrix: alength= 4 w= 12
0.018759655	0.08806003	0.8896491	0.0035312292
0.08320459	0.10615758	0.3259766	0.48466122
0.15294637	0.0600309	0.004193335	0.7828294
0.11211653	0.22312956	0.095563896	0.56919
0.06290002	0.2884573	0.6354006	0.01324211
0.2772015	0.55638933	0.16530567	0.0011035091
0.06841757	0.11697197	0.50474507	0.3098654
0.15096006	0.010593688	0.77951884	0.05892739
0.0030898256	0.9510042	0.0046347384	0.041271243
0.041050542	0.6482013	0.1326418	0.17810638
0.006621055	0.0011035091	0.05539616	0.9368793
0.32067975	0.299051	0.13506952	0.24519974

MOTIF 0_29
letter-probability matrix: alength= 4 w= 12
0.83942634	0.057952274	0.10074057	0.0018808041
0.59645	0.014811331	0.063124485	0.3256142
0.52897614	0.24344657	0.17691313	0.05066416
0.93111557	0.028212061	0.018220289	0.022452097
0.0711179	0.21112025	0.0058775125	0.7118843
0.027624309	0.026683908	0.7562008	0.189491
0.2790643	0.049723756	0.6234865	0.0477254
0.110497236	0.8127425	0.005642412	0.0711179
0.15634184	0.059597977	0.6328906	0.15116963
0.22969319	0.12577876	0.5878688	0.05665922
0.2785941	0.24097802	0.20206888	0.278359
0.12425062	0.2495592	0.49418128	0.13200894

MOTIF 0_35
letter-probability matrix: alength= 4 w= 12
0.03222771	0.6638438	0.08421548	0.219713
0.6753705	0.15125853	0.038343918	0.13502705
0.29287228	0.22865207	0.15008233	0.3283933
0.54881203	0.0047047753	0.019524818	0.42695835
0.11173841	0.77581745	0.04022583	0.0722183
0.4852976	0.0007057163	0.055045873	0.45895085
0.3119266	0.0011761938	0.06280875	0.62408847
0.01928958	0.9077864	0.038814396	0.034109622
0.018583862	0.42272407	0.044224888	0.5144672
0.003999059	0.00094095507	0.9193131	0.07574689
0.40272877	0.29757705	0.25147024	0.048223946
0.5330511	0.067513525	0.014584804	0.38485062

MOTIF 0_36
letter-probability matrix: alength= 4 w= 12
0.18908381	0.21020143	0.10807884	0.4926359
0.11046134	0.05620533	0.04407624	0.7892571
0.52523285	0.17218973	0.06551874	0.2370587
0.52295864	0.20586962	0.23543426	0.035737492
0.12280702	0.69731426	0.15009746	0.029781243
0.018301928	0.16471735	0.022417154	0.7945636
0.8945202	0.006822612	0.019493178	0.07916396
0.5550141	0.110353045	0.09779077	0.23684211
0.052739874	0.7246047	0.08230453	0.14035088
0.027615335	0.12432315	0.122373834	0.7256877
0.11078622	0.17446394	0.5948668	0.11988304
0.24528915	0.1802036	0.1729478	0.40155944

MOTIF 0_38
letter-probability matrix: alength= 4 w= 12
0.019515635	0.16741124	0.68704444	0.12602869
0.07288972	0.45497295	0.41570657	0.056430753
0.20832354	0.7392429	0.0072889724	0.045144603
0.015753586	0.011521279	0.9708441	0.0018810251
0.25346813	0.17775688	0.54761344	0.021161534
0.67599344	0.03432871	0.18387021	0.10580766
0.3635081	0.011051022	0.6082765	0.017164355
0.004937691	0.5078768	0.42064425	0.06654126
0.0011756407	0.9713144	0.02680461	0.0007053844
0.010580767	0.015283329	0.95532566	0.018810252
0.06748178	0.32471198	0.5833529	0.024453327
0.89278156	0.023277687	0.08111921	0.0028215377

MOTIF 0_39
letter-probability matrix: alength= 4 w= 12
0.15690298	0.72229475	0.10746269	0.013339552
0.0038246268	0.03330224	0.869403	0.09347015
0.032649253	0.28460822	0.59169775	0.091044776
0.82416046	0.03125	0.082929105	0.061660446
0.78712684	0.02574627	0.1641791	0.02294776
0.086847015	0.32173508	0.5202425	0.071175374
0.08964552	0.24048507	0.03731343	0.63255596
0.20774254	0.016231343	0.7729478	0.0030783582
0.3329291	0.48955223	0.14766791	0.029850746
0.2897388	0.538153	0.100466415	0.07164179
0.37173507	0.1301306	0.086660445	0.41147387
0.26483208	0.13041045	0.19570896	0.4090485

MOTIF 0_41
letter-probability matrix: alength= 4 w= 12
0.032746285	0.19675289	0.18904789	0.58145297
0.0715465	0.1510732	0.5877821	0.18959823
0.0049532196	0.54210234	0.38882774	0.06411668
0.006604293	0.14089158	0.5090809	0.34342322
0.05641167	0.73004955	0.022014309	0.19152449
0.047055587	0.08668134	0.84975237	0.016510732
0.53852504	0.011832691	0.4325812	0.01706109
0.10842048	0.20996147	0.05421024	0.6274078
0.5949367	0.0052283984	0.3062741	0.093560815
0.15272427	0.69840395	0.14474408	0.004127683
0.095211886	0.0024766098	0.6915245	0.21078701
0.7831591	0.040176116	0.062465604	0.11419923

MOTIF 0_43
letter-probability matrix: alength= 4 w= 12
0.15151516	0.73333335	0.06666667	0.048484847
0.0	0.0	1.0	0.0
0.21818182	0.0	0.018181818	0.76363635
0.024242423	0.95151514	0.024242423	0.0
0.006060606	0.024242423	0.91515154	0.054545455
0.006060606	0.46666667	0.5272727	0.0
0.006060606	0.042424243	0.95151514	0.0
0.018181818	0.17575757	0.036363635	0.76969695
0.012121212	0.042424243	0.3272727	0.6181818
0.030303031	0.6969697	0.0	0.27272728
0.018181818	0.0	0.90909094	0.07272727
0.06666667	0.73939395	0.12727273	0.06666667

MOTIF 0_44
letter-probability matrix: alength= 4 w= 12
0.1043245	0.034722224	0.28093433	0.58001894
0.061710857	0.051767677	0.85179925	0.034722224
0.09548611	0.89772725	0.0058396463	0.0009469697
0.01467803	0.31107953	0.5877525	0.0864899
0.13289142	0.18607955	0.6745581	0.0064709596
0.03866793	0.15404041	0.80571336	0.0015782828
0.31786618	0.11332071	0.47427398	0.09453914
0.061079547	0.9262942	0.007575758	0.005050505
0.24510732	0.615846	0.07954545	0.059501264
0.23642677	0.0034722222	0.64646465	0.11363637
0.0044191917	0.011205808	0.79924244	0.18513258
0.67376894	0.0239899	0.1467803	0.15546086

MOTIF 0_45
letter-probability matrix: alength= 4 w= 12
0.20553312	0.6557718	0.080426	0.058269065
0.000489656	0.13526748	0.48194394	0.38229895
0.15350716	0.19280206	0.01407761	0.63961315
0.13881747	0.041008692	0.7954462	0.02472763
0.70681846	0.2273228	0.06512425	0.000734484
0.030603502	0.55820787	0.30028155	0.110907085
0.091932915	0.1686865	0.022769004	0.71661156
0.030358672	0.7552944	0.2018607	0.012486229
0.79128414	0.010037948	0.18912964	0.0095482925
0.11347778	0.36932305	0.253397	0.26380217
0.117762275	0.64450973	0.05447423	0.18325377
0.2751867	0.015791407	0.64818215	0.06083976

MOTIF 0_47
letter-probability matrix: alength= 4 w= 12
0.01568091	0.6201852	0.025468323	0.33866554
0.021363923	0.75342035	0.21721743	0.007998317
0.079456955	0.8182488	0.094822146	0.007472111
0.12092191	0.5354662	0.3401389	0.003472953
0.4307514	0.16165018	0.08398232	0.3236161
0.003683435	0.44243318	0.03357188	0.52031153
0.007577352	0.53862345	0.001683856	0.45211536
0.009050726	0.03136182	0.15912439	0.8004631
0.19143339	0.75436753	0.015575668	0.03862345
0.007893075	0.6173437	0.37276363	0.0019995791
0.16722795	0.08977058	0.70753527	0.035466217
0.12955168	0.68575037	0.14060198	0.04409598

MOTIF 0_49
letter-probability matrix: alength= 4 w= 12
0.0005662514	0.9325028	0.040656853	0.026274066
0.029218573	0.03522084	0.6967157	0.23884484
0.40690827	0.14530012	0.43318233	0.014609287
0.2783692	0.19433749	0.5223103	0.0049830126
0.14711212	0.19467723	0.63929784	0.018912798
0.0596829	0.6962627	0.13884485	0.105209514
0.0029445074	0.26070216	0.7329558	0.0033975085
0.13295583	0.59263873	0.24303511	0.031370327
0.2571914	0.029671574	0.4562854	0.25685164
0.9204983	0.0405436	0.02808607	0.010872027
0.34167612	0.52899206	0.11698754	0.012344281
0.014043035	0.23929785	0.36228767	0.38437146

MOTIF 0_54
letter-probability matrix: alength= 4 w= 12
0.0005028916	0.42242897	0.40407342	0.17299472
0.010057832	0.7299472	0.24440533	0.0155896405
0.0005028916	0.015841085	0.94744784	0.036208197
0.66281116	0.15841086	0.15111893	0.02765904
0.072416395	0.6844355	0.060346995	0.18280111
0.0045260247	0.36836812	0.6225798	0.0045260247
0.3309027	0.20870003	0.029670605	0.43072668
0.005783254	0.95750564	0.031430725	0.005280362
0.0032687956	0.018858436	0.9658034	0.0120693995
0.0120693995	0.14181544	0.6859442	0.16017099
0.4792557	0.3628363	0.15665074	0.001257229
0.031179281	0.34020618	0.4714609	0.15715364

MOTIF 0_55
letter-probability matrix: alength= 4 w= 12
0.21732476	0.01010101	0.511861	0.2607132
0.008494032	0.11294766	0.80111724	0.077441074
0.10728497	0.5364249	0.24204163	0.114248544
0.05081114	0.072161004	0.830502	0.046525866
0.022191614	0.9576829	0.015304561	0.004820937
0.13368534	0.21839608	0.53910315	0.108815424
0.077058464	0.8128252	0.10093358	0.009182736
0.045607593	0.525023	0.41819713	0.011172329
0.029384756	0.6812825	0.28466484	0.004667891
0.43748087	0.023339456	0.18074687	0.3584328
0.0105601465	0.009335782	0.49043465	0.4896694
0.13353229	0.323768	0.41444752	0.12825222

MOTIF 0_56
letter-probability matrix: alength= 4 w= 12
0.10623647	0.53669095	0.2515247	0.105547905
0.070529215	0.0125909895	0.84438324	0.072496556
0.07131615	0.02685422	0.02921503	0.8726146
0.019575054	0.49714735	0.47639188	0.0068856976
0.8354318	0.053905174	0.007967736	0.10269526
0.21365336	0.75408226	0.020558726	0.011705685
0.030395435	0.19830808	0.56236476	0.20893173
0.3133976	0.4772772	0.053511705	0.1558135
0.22791658	0.300905	0.322349	0.14882943
0.42750344	0.4679323	0.0042297854	0.10033445
0.023903206	0.3699587	0.15620697	0.44993114
0.09708834	0.13653354	0.2897895	0.47658864

MOTIF 0_57
letter-probability matrix: alength= 4 w= 12
0.033383723	0.012093727	0.05681532	0.8977072
0.12585033	0.6368103	0.2185689	0.018770471
0.36533132	0.18568909	0.08591585	0.36306375
0.37427562	0.1526833	0.1218191	0.35122198
0.0006298816	0.07029478	0.88914084	0.039934494
0.015243134	0.9155959	0.050768457	0.018392542
0.13038549	0.08490804	0.57268834	0.21201815
0.15142353	0.44708994	0.3584026	0.0430839
0.08427816	0.41206855	0.020912068	0.48274124
0.6695641	0.14902999	0.07961703	0.10178886
0.40614766	0.13101538	0.085789874	0.37704712
0.032753844	0.14953388	0.17031997	0.6473923

MOTIF 0_58
letter-probability matrix: alength= 4 w= 12
0.534437	0.04510241	0.02016343	0.40029714
0.44815877	0.1246949	0.41154623	0.015600127
0.06123315	0.03449008	0.86554176	0.03873501
0.1370052	0.16289929	0.5838905	0.11620503
0.0079592485	0.041388094	0.92518306	0.025469596
0.18741378	0.051257562	0.212565	0.5487637
0.09805794	0.57115567	0.16640136	0.16438502
0.064098485	0.042979944	0.86235803	0.030563515
0.09094768	0.047224876	0.7831901	0.07863738
0.1242704	0.28387988	0.5801762	0.011673565
0.080865964	0.019738937	0.89186037	0.0075347554
0.09582935	0.13933991	0.09943755	0.6653932

MOTIF 0_61
letter-probability matrix: alength= 4 w= 12
0.2504054	0.106216215	0.13040541	0.51297295
0.38364863	0.017972972	0.032837838	0.56554055
0.106486484	0.015675675	0.6610811	0.21675676
0.5572973	0.13337837	0.18945946	0.119864866
0.036486488	0.24608108	0.49554053	0.2218919
0.20378378	0.6917568	0.08945946	0.015
0.004189189	0.9535135	0.036216218	0.006081081
0.08608108	0.017297298	0.7651351	0.13148649
0.014054054	0.90675676	0.038783785	0.040405404
0.04391892	0.55972975	0.3762162	0.020135134
0.14689189	0.67945945	0.14824325	0.025405405
0.0066216215	0.4341892	0.5458108	0.013378378

MOTIF 0_62
letter-probability matrix: alength= 4 w= 12
0.028785728	0.47709304	0.016217312	0.4779039
0.06750456	0.52392054	0.29333064	0.11524428
0.014190148	0.9446584	0.040847354	0.0003040746
0.020981148	0.01520373	0.9245895	0.039225623
0.14230691	0.5676059	0.28542468	0.0046624774
0.22846138	0.69795257	0.06243665	0.011149402
0.25065884	0.52827895	0.018447192	0.20261504
0.28887087	0.2121427	0.40137848	0.09760795
0.36803162	0.20981148	0.12345429	0.29870263
0.06770728	0.30225015	0.32292724	0.30711535
0.055341575	0.93036693	0.00506791	0.009223596
0.040340565	0.08615447	0.8011352	0.072369754

MOTIF 0_63
letter-probability matrix: alength= 4 w= 12
0.14337383	0.6919225	0.079662435	0.08504127
0.018454975	0.17824353	0.5303719	0.2729296
0.37540573	0.43012148	0.1740703	0.020402486
0.021608086	0.29490864	0.5448391	0.13864416
0.17963462	0.32848	0.4520078	0.039877586
0.05582862	0.70388573	0.22711676	0.013168877
0.033942316	0.91217655	0.026245015	0.027636094
0.3481406	0.26319206	0.3818047	0.0068626544
0.014652694	0.07075953	0.11072985	0.8038579
0.5655198	0.0738199	0.038579244	0.32208106
0.028285263	0.81526476	0.117870726	0.038579244
0.049615134	0.13521284	0.45766485	0.3575072

MOTIF 0_64
letter-probability matrix: alength= 4 w= 12
0.014039452	0.22676381	0.4154967	0.34370002
0.03056691	0.096143596	0.6404834	0.23280612
0.024524614	0.22249867	0.2448907	0.508086
0.074284695	0.6907766	0.007286298	0.22765239
0.020259464	0.009774302	0.9537942	0.016172027
0.092056155	0.31259996	0.48800427	0.10733961
0.11746934	0.5770393	0.18055803	0.124933355
0.08903501	0.17931402	0.02985605	0.7017949
0.023102896	0.95557135	0.01315088	0.008174871
0.66323084	0.04762751	0.11800249	0.17113915
0.42384928	0.056690954	0.06379954	0.45566022
0.2838102	0.0001777146	0.12173449	0.59427756

MOTIF 0_65
letter-probability matrix: alength= 4 w= 12
0.10766149	0.6022784	0.2868052	0.0032548823
0.0026289434	0.019904858	0.038182274	0.9392839
0.62130696	0.096144214	0.06159239	0.22095643
0.68027043	0.026164247	0.2714071	0.022158237
0.35941413	0.41224337	0.19867301	0.029669505
0.2735353	0.37844267	0.17351027	0.17451176
0.03217326	0.07023034	0.70142716	0.19616926
0.07736605	0.119178765	0.20731096	0.5961442
0.3984727	0.08763145	0.060841262	0.45305458
0.866675	0.035177767	0.04694542	0.0512018
0.20856285	0.3790686	0.3943415	0.018027041
0.12155733	0.24636956	0.048698045	0.58337504

MOTIF 0_66
letter-probability matrix: alength= 4 w= 12
0.031496063	0.07853564	0.2693527	0.6206156
0.042540137	0.13590346	0.47632682	0.34522957
0.03660906	0.44431946	0.1871357	0.3319358
0.063912466	0.46650988	0.10225994	0.36731774
0.5208099	0.0013293793	0.14674301	0.3311177
0.7148993	0.038551997	0.014623172	0.23192556
0.22282442	0.18192044	0.431946	0.16330913
0.03435934	0.8650169	0.09234073	0.008283055
0.013805092	0.07280908	0.607015	0.3063708
0.35341036	0.119541876	0.14929952	0.37774822
0.008589835	0.94743836	0.01871357	0.025258206
0.5125524	0.013728398	0.32613254	0.14758666

MOTIF 0_67
letter-probability matrix: alength= 4 w= 12
0.47074467	0.40330547	0.03267477	0.09327508
0.045402735	0.0944149	0.8518237	0.008358663
0.066299394	0.30566108	0.6217705	0.0062689967
0.08320668	0.8643617	0.0125379935	0.039893616
0.23841186	0.055661093	0.675152	0.030775076
0.082446806	0.7254939	0.15330547	0.0387538
0.0013297872	0.21903495	0.027735563	0.7518997
0.5155775	0.31268996	0.005319149	0.16641337
0.22587386	0.1574848	0.023936171	0.5927052
0.08928572	0.06534954	0.14304711	0.70231766
0.4487082	0.1462766	0.019756839	0.38525835
0.18977964	0.017287234	0.3531535	0.43977964

MOTIF 0_70
letter-probability matrix: alength= 4 w= 12
0.06592965	0.6601005	0.2601005	0.013869347
0.020301508	0.29346734	0.6476382	0.038592964
0.58492464	0.04562814	0.35738695	0.012060301
0.12060302	0.05768844	0.44904524	0.37266332
0.5427136	0.37688443	0.05326633	0.027135678
0.20683417	0.7756784	0.0016080402	0.015879396
0.022914574	0.010251257	0.007839196	0.958995
0.4120603	0.17145729	0.39316583	0.023316583
0.41849247	0.37226132	0.12341709	0.085829146
0.15276381	0.0038190954	0.39055276	0.45286432
0.0958794	0.6442211	0.1318593	0.1280402
0.04040201	0.054070354	0.8671357	0.03839196

MOTIF 0_71
letter-probability matrix: alength= 4 w= 12
0.038022812	0.6237643	0.23193917	0.10627376
0.004039924	0.47419202	0.26164448	0.26012358
0.047338404	0.904943	0.0049429657	0.042775664
0.009125475	0.39258555	0.06577947	0.5325095
0.19581749	0.044676807	0.21425855	0.54524714
0.06387833	0.6619772	0.071673006	0.20247148
0.18136883	0.7051331	0.11007605	0.0034220533
0.0005703422	0.0024714828	0.9110266	0.08593156
0.0064638783	0.12889734	0.027186312	0.8374525
0.013878327	0.8385932	0.013307985	0.13422053
0.0	0.22072244	0.6678707	0.11140684
0.11844107	0.6576046	0.19695817	0.026996197

MOTIF 0_75
letter-probability matrix: alength= 4 w= 12
0.1589414	0.6042527	0.19198409	0.044821784
0.061343122	0.89383507	0.009178522	0.03564326
0.49105093	0.039926574	0.16551936	0.30350313
0.20039773	0.0026005814	0.009025547	0.78797615
0.565244	0.3968181	0.019274896	0.018662995
0.016674316	0.06348478	0.82071286	0.09912804
0.11641426	0.4023252	0.21156494	0.26969558
0.022028454	0.3732599	0.028453419	0.57625824
0.05843659	0.12559278	0.1757687	0.6402019
0.69343734	0.05950742	0.010402326	0.2366529
0.31344652	0.22456785	0.38641578	0.07556983
0.23160471	0.036867063	0.5693743	0.1621539

MOTIF 0_76
letter-probability matrix: alength= 4 w= 12
0.03625541	0.14069264	0.43704906	0.3860029
0.09199134	0.8685065	0.009920635	0.02958153
0.5799062	0.02056277	0.37554112	0.0239899
0.012085137	0.04978355	0.7783189	0.1598124
0.030122655	0.19678932	0.2963564	0.4767316
0.013528138	0.8800505	0.011904762	0.0945166
0.13185425	0.722583	0.12265512	0.022907648
0.060064934	0.62319624	0.084054835	0.23268399
0.021645023	0.078463204	0.025974026	0.87391776
0.016955268	0.09866522	0.059343435	0.82503605
0.2718254	0.1729798	0.04978355	0.50541127
0.0028860029	0.44498557	0.07016595	0.48196247

MOTIF 0_77
letter-probability matrix: alength= 4 w= 12
0.071481645	0.07044137	0.6470501	0.21102689
0.048892852	0.81914103	0.08515381	0.046812303
0.037301235	0.06791499	0.89077127	0.004012483
0.08530242	0.36067766	0.42591766	0.12810224
0.61153215	0.09154406	0.09035518	0.20656858
0.10848566	0.0509734	0.48551047	0.35503048
0.0212513	0.17045623	0.7959578	0.012334671
0.0	0.8384604	0.013969386	0.14757022
0.00059444195	0.0019319364	0.97265565	0.024817953
0.09585377	0.5454005	0.32099867	0.037747066
0.84054095	0.075345516	0.06524	0.018873533
0.37449843	0.049338683	0.5694754	0.006687472

MOTIF 0_81
letter-probability matrix: alength= 4 w= 12
0.20938864	0.04366812	0.69126636	0.055676855
0.044978164	0.63886464	0.12532751	0.1908297
0.086681224	0.46353713	0.046069868	0.4037118
0.094104804	0.06048035	0.24978165	0.5956332
0.004585153	0.7534934	0.17882097	0.063100435
0.5159389	0.43144104	0.041921396	0.01069869
0.048253275	0.0	0.8451965	0.10655022
0.041921396	0.03864629	0.02183406	0.89759827
0.015065502	0.017248908	0.059606988	0.9080786
0.031441048	0.048689958	0.012663756	0.9072052
0.024890829	0.8021834	0.10065502	0.07227074
0.066812225	0.6015284	0.18689956	0.14475982

MOTIF 0_82
letter-probability matrix: alength= 4 w= 12
0.008438235	0.5103057	0.020473095	0.46078295
0.37875226	0.23903722	0.02655969	0.35565084
0.058929313	0.7575045	0.18204454	0.001521649
0.057545993	0.44335315	0.1578365	0.34126434
0.81920046	0.07663577	0.053534374	0.05062941
0.7323281	0.08465901	0.12920183	0.05381104
0.019643104	0.11523032	0.22340573	0.64172083
0.34154102	0.038732883	0.34154102	0.2781851
0.10056716	0.13321345	0.5923364	0.17388298
0.008991562	0.80716556	0.103195466	0.080647394
0.17346798	0.060865957	0.12781851	0.63784754
0.7783926	0.13653341	0.013556508	0.0715175

MOTIF 0_83
letter-probability matrix: alength= 4 w= 12
0.32343584	0.4869565	0.11622482	0.07338282
0.7495228	0.090986215	0.020148462	0.13934252
0.41675505	0.041357372	0.5257688	0.01611877
0.22226936	0.32089078	0.0065747616	0.4502651
0.8033934	0.057900317	0.120890774	0.017815482
0.4267232	0.41463414	0.11134677	0.047295865
0.013149523	0.62608695	0.008059385	0.35270414
0.024390243	0.067232236	0.20042418	0.70795333
0.85556734	0.059384942	0.06702015	0.018027572
0.061930012	0.18388122	0.105196185	0.6489926
0.8226935	0.020996818	0.025874868	0.13043478
0.49734887	0.06680806	0.042629905	0.39321315

MOTIF 0_84
letter-probability matrix: alength= 4 w= 12
0.21071382	0.46114263	0.15292256	0.17522101
0.05053437	0.8704315	0.037603907	0.04143027
0.027972028	0.19817919	0.6259401	0.1479087
0.59453756	0.06359678	0.01794432	0.32392135
0.02506927	0.8635704	0.10304789	0.008312442
0.22034569	0.70972425	0.061881516	0.008048555
0.0038263623	0.82161236	0.15450588	0.020055417
0.007520781	0.19329727	0.36627522	0.43290672
0.6357039	0.06452039	0.087610506	0.21216519
0.07599947	0.8586885	0.04143027	0.023881778
0.00013194353	0.36574745	0.47882307	0.15529753
0.013062409	0.5743502	0.18313761	0.2294498

MOTIF 0_85
letter-probability matrix: alength= 4 w= 12
0.02889531	0.021671483	0.45987996	0.48955324
0.37508336	0.102356076	0.48999777	0.032562792
0.8258502	0.031118026	0.11280285	0.030228939
0.49633253	0.098132916	0.17459436	0.23094021
0.62336075	0.1859302	0.17803957	0.012669482
0.005890198	0.09168704	0.6110247	0.29139808
0.31429207	0.60346746	0.036674816	0.04556568
0.022227162	0.16336964	0.80406755	0.01033563
0.04823294	0.08824183	0.86085796	0.0026672594
0.080128916	0.52878416	0.38108468	0.010002223
0.073571905	0.61224717	0.31051344	0.0036674817
0.17414981	0.26805958	0.0033340743	0.55445653

MOTIF 0_87
letter-probability matrix: alength= 4 w= 12
0.020277482	0.09434365	0.8624333	0.022945572
0.0042689433	0.84044826	0.098932765	0.056350052
0.055816434	0.26851654	0.664461	0.011205977
0.017075773	0.078441836	0.8270011	0.07748132
0.0065101385	0.82017076	0.020064034	0.15325508
0.041515473	0.23244397	0.3497332	0.37630737
0.18388474	0.036499467	0.69978654	0.079829246
0.022838848	0.715048	0.11579509	0.14631803
0.0050160084	0.36254	0.6089648	0.02347919
0.03607257	0.043649945	0.86093915	0.059338313
0.012913554	0.9239061	0.039487727	0.023692636
0.004695838	0.21643543	0.77886873	0.0

MOTIF 0_88
letter-probability matrix: alength= 4 w= 12
0.08944122	0.07329463	0.5903483	0.24691582
0.13425253	0.21389695	0.6242743	0.027576197
0.09288824	0.026306242	0.5805515	0.300254
0.036828738	0.02086357	0.014332366	0.9279753
0.12844703	0.22042815	0.57021046	0.08091437
0.7998912	0.01687228	0.056603774	0.1266328
0.16545719	0.47187954	0.33817127	0.024492018
0.054245282	0.07184325	0.81222785	0.0616836
0.13044266	0.5720247	0.028301887	0.26923078
0.017416546	0.01161103	0.88261974	0.08835269
0.8205733	0.037554428	0.07039187	0.07148041
0.0154209	0.37590712	0.43795356	0.17071843

MOTIF 0_89
letter-probability matrix: alength= 4 w= 12
0.030165244	0.23710768	0.45924366	0.27348343
0.005988688	0.9172674	0.051236555	0.025507376
0.43140733	0.013308195	0.47166464	0.083619826
0.1834313	0.11367417	0.6339137	0.06898081
0.048131306	0.023511145	0.47122103	0.4571365
0.034934014	0.8391926	0.10480204	0.02107131
0.011644671	0.9105024	0.07729843	0.0005545082
0.005655983	0.58334255	0.36553177	0.045469668
0.021958522	0.15814573	0.5709216	0.24897416
0.25363204	0.02927803	0.35532883	0.36176112
0.21659088	0.115004994	0.026172785	0.64223135
0.4004658	0.2381058	0.049351227	0.3120772

MOTIF 0_91
letter-probability matrix: alength= 4 w= 12
0.51306796	0.06473663	0.043425813	0.3787696
0.54590535	0.06714918	0.1482375	0.23870794
0.4853237	0.053210024	0.22409865	0.23736764
0.088728055	0.7204128	0.09676987	0.09408926
0.008175848	0.19796275	0.070365906	0.7234955
0.75767326	0.02265112	0.013939151	0.2057365
0.41428763	0.30009383	0.123039804	0.16257875
0.009784211	0.6669347	0.31859002	0.00469106
0.1557432	0.0057633026	0.6247152	0.21377832
0.06339633	0.0455703	0.8572577	0.033775635
0.2937944	0.06487066	0.053746145	0.5875888
0.08859402	0.14662914	0.21645892	0.5483179

MOTIF 0_92
letter-probability matrix: alength= 4 w= 12
0.00862069	0.8199797	0.1648073	0.006592292
0.003887762	0.40669373	0.5809669	0.008451656
0.006254226	0.19050033	0.16311698	0.6401285
0.006761325	0.21534821	0.7391819	0.038708586
0.08975659	0.2459432	0.45841786	0.20588236
0.12068965	0.3733942	0.50574714	0.00016903313
0.0	0.1102096	0.84465855	0.045131847
0.0059161596	0.028904665	0.00084516563	0.964334
0.12542258	0.38691685	0.29952672	0.18813388
0.5035497	0.004056795	0.010649087	0.4817444
0.2494929	0.2055443	0.5277214	0.01724138
0.007437458	0.24459094	0.7305612	0.017410412

MOTIF 0_93
letter-probability matrix: alength= 4 w= 12
0.4274953	0.031073445	0.022464354	0.5189669
0.16787732	0.7473769	0.019235943	0.06550982
0.23970944	0.09981167	0.49811676	0.16236211
0.009954264	0.40032285	0.5879742	0.001748722
0.00053806836	0.086763516	0.90449286	0.008205542
0.2259887	0.109362386	0.61622274	0.04842615
0.086763516	0.5883777	0.28154427	0.0433145
0.055017486	0.61622274	0.26096314	0.06779661
0.04667743	0.030131826	0.28934625	0.6338445
0.008878128	0.93583536	0.009954264	0.045332257
0.63949424	0.052058112	0.25302663	0.05542104
0.029324723	0.08313156	0.8680387	0.019504977

MOTIF 0_95
letter-probability matrix: alength= 4 w= 12
0.36076015	0.10616838	0.015500584	0.51757085
0.24015288	0.72459924	0.009024313	0.02622359
0.10935344	0.20724069	0.5665145	0.11689139
0.017411616	0.044166047	0.9295042	0.008918144
0.114449516	0.6483703	0.06306402	0.17411615
0.059560463	0.7170613	0.07251301	0.15086527
0.067735426	0.13823123	0.035884913	0.75814843
0.037689775	0.5298864	0.31754965	0.11487419
0.20352478	0.72014016	0.057224758	0.019110309
0.28177088	0.28962734	0.2730651	0.15553668
0.8557172	0.05191634	0.010616838	0.081749655
0.61025584	0.11275082	0.017942457	0.25905085

MOTIF 0_97
letter-probability matrix: alength= 4 w= 12
0.021227691	0.35140616	0.15535425	0.4720119
0.73255813	0.21727961	0.02352623	0.02663602
0.01663061	0.12547323	0.14710654	0.7107896
0.17022716	0.19970255	0.06368307	0.56638724
0.032990806	0.19821525	0.034748513	0.73404545
0.40548944	0.34315845	0.044213086	0.207139
0.4015684	0.044348296	0.15832883	0.39575446
0.13696593	0.48756084	0.021498106	0.35397512
0.025013521	0.06233099	0.9046782	0.007977285
0.84951323	0.0085181175	0.03812872	0.10383991
0.1529205	0.13926446	0.63047594	0.077339105
0.59626824	0.19307734	0.12128177	0.089372635

MOTIF 0_99
letter-probability matrix: alength= 4 w= 12
0.011911358	0.64072025	0.28227147	0.06509695
0.0041551245	0.13878116	0.042936288	0.81412745
0.014958449	0.80554014	0.036842104	0.14265928
0.022160664	0.009418283	0.009695291	0.95872575
0.021052632	0.5385042	0.037119113	0.4033241
0.0047091413	0.2767313	0.032686982	0.68587255
0.07534626	0.8908587	0.02631579	0.0074792244
0.0047091413	0.9454294	0.026592799	0.023268698
0.15734072	0.11717451	0.010526316	0.7149584
0.37534627	0.23102494	0.06315789	0.33047092
0.7224377	0.04903047	0.1534626	0.07506925
0.4767313	0.28531855	0.21966758	0.018282548

MOTIF 0_100
letter-probability matrix: alength= 4 w= 12
0.0169006	0.37997708	0.5484102	0.054712117
0.23574907	0.067029506	0.29289603	0.4043254
0.024778001	0.33428818	0.17487825	0.46605557
0.061443713	0.7033801	0.044113435	0.19106273
0.02134059	0.6395016	0.32397595	0.015181896
0.002291607	0.95201945	0.04497279	0.00071612716
0.009023203	0.016470926	0.8851332	0.08937267
0.15797766	0.040962476	0.74906904	0.051990833
0.17731309	0.77785736	0.03509023	0.00973933
0.012174162	0.5814953	0.35433972	0.051990833
0.19134918	0.03294185	0.41578344	0.3599255
0.5676024	0.0017187053	0.055714697	0.3749642

MOTIF 0_106
letter-probability matrix: alength= 4 w= 12
0.09479364	0.49773952	0.15458655	0.25288028
0.010937728	0.48578095	0.08341841	0.41986293
0.50503135	0.07481406	0.05556366	0.36459094
0.005833455	0.6679306	0.042146713	0.28408924
0.015166983	0.0045209276	0.063584656	0.9167274
0.0075834915	0.095960334	0.027271401	0.8691848
0.00043750912	0.97097856	0.0030625637	0.025521366
0.007437655	0.9167274	0.06854309	0.0072918185
0.0065626367	0.13125274	0.65655535	0.20562929
0.0014583637	0.29604784	0.65947205	0.04302173
0.23435906	0.47367653	0.1402946	0.15166983
0.191629	0.12979437	0.41490448	0.26367217

MOTIF 0_108
letter-probability matrix: alength= 4 w= 12
0.13611898	0.33668554	0.23399433	0.29320112
0.863881	0.03371105	0.09235127	0.010056657
0.5603399	0.10665722	0.3253541	0.007648725
0.34334278	0.030736543	0.5657224	0.0601983
0.45439094	0.037393767	0.44518414	0.06303116
0.7760623	0.14263456	0.07974504	0.0015580737
0.0970255	0.010481587	0.459915	0.4325779
0.045750707	0.10056657	0.84518415	0.008498584
0.023796033	0.1611898	0.7133145	0.10169972
0.02592068	0.8587819	0.0305949	0.08470255
0.037677053	0.07308782	0.8677054	0.021529745
0.16529745	0.011614731	0.5226629	0.30042493

MOTIF 0_109
letter-probability matrix: alength= 4 w= 12
0.120771766	0.07009403	0.255831	0.5533032
0.021125901	0.2275003	0.6367078	0.114666015
0.0013432654	0.352424	0.6226646	0.023568202
0.0059836367	0.12907559	0.27659056	0.58835024
0.026254732	0.014409574	0.2614483	0.6978874
0.2656002	0.21089266	0.27317134	0.2503358
0.35682014	0.112223715	0.5253389	0.0056172917
0.020881671	0.7970448	0.0536085	0.12846501
0.024911467	0.012822079	0.92868483	0.033581633
0.425693	0.2275003	0.17389181	0.17291489
0.008181707	0.83966297	0.1445842	0.007571132
0.44474295	0.07192575	0.46428135	0.019049944

MOTIF 0_110
letter-probability matrix: alength= 4 w= 12
0.051899757	0.5026677	0.04478577	0.40064672
0.021180274	0.04915117	0.91560227	0.014066289
0.18544866	0.8056589	0.00048504447	0.008407437
0.012287793	0.04009701	0.9448666	0.0027485853
0.11818917	0.734519	0.12287793	0.024413904
0.2200485	0.35957962	0.39692804	0.023443816
0.37607113	0.10573969	0.39078414	0.12740502
0.17898141	0.4767987	0.3257882	0.01843169
0.00064672594	0.95424414	0.036054973	0.0090541635
0.0037186742	0.026677445	0.9663702	0.0032336297
0.14098626	0.5970897	0.14389652	0.118027486
0.017623283	0.026515763	0.8607922	0.095068716

MOTIF 0_112
letter-probability matrix: alength= 4 w= 12
0.43241963	0.34354547	0.054728255	0.16930665
0.32372192	0.09864365	0.5591388	0.018495684
0.7419141	0.004268235	0.0016124443	0.25220525
0.43175566	0.20705682	0.28900692	0.07218059
0.14322299	0.014511999	0.83486676	0.007398274
0.3199279	0.2280186	0.3976098	0.054443706
0.13734232	0.026557906	0.24689367	0.5892061
0.28796357	0.10243764	0.5909134	0.018685384
0.5594233	0.043156598	0.38679692	0.010623163
0.029403396	0.84615386	0.07274969	0.051693067
0.018685384	0.040975053	0.7832685	0.15707104
0.121976666	0.04467419	0.7704638	0.06288533

MOTIF 0_121
letter-probability matrix: alength= 4 w= 12
0.017053701	0.3771166	0.018263184	0.5875665
0.02322206	0.12747943	0.24806483	0.60123366
0.034470245	0.120464444	0.3289792	0.5160861
0.19883889	0.76983553	0.013304306	0.018021287
0.17912434	0.09554911	0.45851475	0.26681182
0.020682149	0.86272377	0.10195936	0.014634736
0.10970005	0.64731497	0.0820029	0.1609821
0.90336233	0.026245767	0.0054426705	0.0649492
0.4756894	0.011973876	0.0053217225	0.507015
0.019835511	0.16086115	0.23294629	0.58635706
0.076197386	0.075592645	0.24201742	0.6061925
0.010885341	0.15807934	0.1888002	0.6422351

MOTIF 0_122
letter-probability matrix: alength= 4 w= 12
0.8338639	0.031128405	0.012970169	0.12203749
0.4440514	0.26565263	0.17391817	0.116377786
0.83634007	0.09397477	0.04185827	0.027826907
0.48072162	0.0070746373	0.5025351	0.0096686715
0.050937388	0.5025351	0.29265416	0.15387337
0.55453366	0.07782101	0.28723028	0.08041505
0.9088551	0.009197028	0.014856739	0.067091145
0.78540266	0.03360453	0.09527178	0.08572102
0.899776	0.0321896	0.020044805	0.047989625
0.28687656	0.55547696	0.017450772	0.14019573
0.20009433	0.13618676	0.15340172	0.5103172
0.5597217	0.35785875	0.03938215	0.043037377

MOTIF 0_123
letter-probability matrix: alength= 4 w= 12
0.5318989	0.13572073	0.23201926	0.100361116
0.033554018	0.92341256	0.03400542	0.009027987
0.084110744	0.059434246	0.7305146	0.12594041
0.16596448	0.15121877	0.4372555	0.24556124
0.19530545	0.42025277	0.24811918	0.1363226
0.15001504	0.5192597	0.107884444	0.2228408
0.004814926	0.8650316	0.08982847	0.04032501
0.014896178	0.054769788	0.9112248	0.019109238
0.005416792	0.3686428	0.024826964	0.60111344
0.3188384	0.11631056	0.20779416	0.3570569
0.44327414	0.029340956	0.17348781	0.3538971
0.28031898	0.1116461	0.04107734	0.5669576

MOTIF 0_124
letter-probability matrix: alength= 4 w= 12
0.104305215	0.2040602	0.14315715	0.5484774
0.036051802	0.07420371	0.01680084	0.87294364
0.3080154	0.035701785	0.08820441	0.5680784
0.031501576	0.6842842	0.20511025	0.079103954
0.0045502274	0.9117956	0.08330417	0.0003500175
0.23381169	0.077703886	0.6839342	0.0045502274
0.032901645	0.83654183	0.118655935	0.011900595
0.034301717	0.8694435	0.09310465	0.0031501574
0.2481624	0.5638782	0.04095205	0.14700735
0.08680434	0.30941546	0.020301014	0.58347917
0.008750438	0.15575778	0.019250963	0.8162408
0.004900245	0.0700035	0.5677284	0.35736787

MOTIF 0_126
letter-probability matrix: alength= 4 w= 12
0.10938612	0.71784645	0.061244838	0.11152258
0.0094003705	0.62811565	0.042301666	0.32018232
0.035322603	0.4613303	0.50220764	0.0011394388
0.19740778	0.088164076	0.46731234	0.24711579
0.015097564	0.9141148	0.036319613	0.034468025
0.142145	0.48582822	0.1598063	0.21222048
0.18971656	0.75274175	0.02036747	0.03717419
0.043013815	0.34382567	0.16877937	0.44438115
0.3248825	0.16806723	0.059820537	0.44722974
0.38000286	0.07278165	0.038171202	0.5090443
0.0014242985	0.06551773	0.011964108	0.9210939
0.012961117	0.063381284	0.007833642	0.91582394

MOTIF 0_132
letter-probability matrix: alength= 4 w= 12
0.17519604	0.21388774	0.58924884	0.021667354
0.0066033844	0.09678085	0.854416	0.042199753
0.0009286009	0.11917045	0.6877837	0.19211721
0.028477095	0.4854519	0.0242468	0.46182418
0.02723896	0.7806438	0.13103591	0.061081305
0.07325629	0.2892076	0.45346677	0.18406934
0.36906728	0.585844	0.03982666	0.0052620717
0.038175814	0.059636813	0.83914566	0.06304169
0.15590177	0.14094098	0.6100908	0.09306645
0.0545811	0.6204086	0.069748245	0.25526208
0.12763104	0.8037557	0.055303343	0.013309946
0.009905077	0.017540239	0.06231944	0.9102352

MOTIF 0_137
letter-probability matrix: alength= 4 w= 12
0.053103447	0.17901477	0.655468	0.112413794
0.0050246306	0.27073893	0.57763547	0.14660099
0.023349755	0.27014777	0.07133005	0.6351724
0.008374385	0.43694583	0.44945812	0.105221674
0.060689654	0.4889655	0.43527094	0.015073892
0.036453202	0.07586207	0.7969458	0.090738915
0.14719212	0.58295566	0.105714284	0.16413793
0.115270935	0.0036453202	0.8750739	0.006009852
0.018817734	0.96	0.013300492	0.007881774
0.009655172	0.08896552	0.89931035	0.0020689655
0.09970444	0.026403941	0.87123156	0.0026600985
0.22256158	0.20758621	0.4671921	0.1026601

MOTIF 0_138
letter-probability matrix: alength= 4 w= 12
0.642031	0.06072172	0.06789267	0.22935462
0.012028684	0.7941244	0.12514457	0.06870229
0.018505668	0.0040481146	0.13775156	0.8396947
0.018043026	0.03585473	0.07980569	0.8662965
0.041637752	0.70853573	0.047536433	0.20229007
0.027180199	0.8863058	0.017464723	0.06904927
0.061531343	0.034119826	0.39023826	0.51411057
0.094147585	0.48265094	0.35403654	0.06916493
0.061993986	0.56627345	0.034813788	0.3369188
0.059449457	0.7564192	0.01943095	0.16470043
0.20922971	0.19939856	0.16897987	0.42239186
